date,team,opponent,home_away,result,home_score,visitor_score,overtime,goals,assists,points,shots,sog,gb,to,ct,defensive_goals,defensive_assists,defensive_points,defensive_shots,defensive_sog,defensive_gb,defensive_to,defensive_ct,goals_allowed,saves,defensive_goals_allowed,defensive_saves
2025-02-01,Air Force,Lafayette,Away,L,8,11,NA,8,7,15,28,19,31,22,12,11,5,16,31,21,36,17,10,11,10,8,11
2025-02-08,Air Force,Denver,Home,W,8,14,NA,8,5,13,40,21,32,21,15,14,9,23,32,22,28,24,11,14,8,8,13
2025-02-15,Air Force,Ohio St.,Away,W,11,17,NA,11,8,19,33,21,28,17,8,17,13,30,36,27,30,14,7,17,10,11,10
2025-02-22,Air Force,Boston U.,Away,L,7,15,NA,7,3,10,32,19,26,22,8,15,10,25,40,26,43,18,12,15,11,7,12
2025-02-28,Air Force,Quinnipiac,Home,L,21,8,NA,21,17,38,50,31,36,10,9,8,5,13,32,18,19,17,3,8,10,21,10
2025-03-02,Air Force,Marist,Home,L,23,8,NA,23,12,35,50,32,36,11,10,8,3,11,38,20,24,14,4,8,12,23,9
2025-03-08,Air Force,Duke,Away,W,11,16,NA,11,4,15,31,17,31,24,6,16,10,26,40,33,38,16,13,16,17,11,6
2025-03-22,Air Force,"Marquette Chicago, IL",Away,W,8,9,NA,8,4,12,39,23,18,15,11,9,6,15,44,16,28,19,8,9,7,8,15
2025-03-29,Air Force,Jacksonville,Home,L,11,15,NA,11,5,16,29,20,30,16,5,15,11,26,44,26,33,10,13,15,11,11,9
2025-04-05,Air Force,Bellarmine,Home,L,18,6,NA,18,11,29,51,28,32,16,1,6,2,8,28,18,24,12,7,6,12,18,10
2025-04-12,Air Force,Queens (NC),Home,W,8,7,NA,8,4,12,30,21,29,14,14,7,5,12,28,12,27,22,5,7,5,8,13
2025-02-08,Army West Point,Massachusetts,Away,W,16,9,NA,16,12,28,55,34,30,15,12,9,6,15,31,22,26,24,6,9,13,16,18
2025-02-15,Army West Point,Rutgers,Home,W,9,3,NA,9,8,17,47,25,27,16,8,3,2,5,33,14,20,20,7,3,11,9,16
2025-02-19,Army West Point,Yale,Away,W,14,3,NA,14,6,20,42,26,33,17,11,3,1,4,33,19,25,18,6,3,16,14,12
2025-02-22,Army West Point,"Mercer Naples, Florida",Away,W,17,4,NA,17,11,28,66,46,42,19,11,4,1,5,24,16,24,27,7,4,12,17,29
2025-03-01,Army West Point,Lafayette,Home,L,15,5,NA,15,11,26,45,30,41,18,17,5,3,8,26,17,22,21,10,5,12,15,15
2025-03-08,Army West Point,Holy Cross,Away,W,17,4,NA,17,15,32,61,28,41,16,10,4,4,8,36,20,30,21,9,4,16,17,11
2025-03-15,Army West Point,Lehigh,Away,W,13,4,NA,13,7,20,49,25,33,19,11,4,2,6,27,15,34,26,11,4,11,13,12
2025-03-22,Army West Point,Boston U.,Home,W,9,10,1,9,5,14,57,31,34,13,7,10,7,17,44,28,31,17,7,10,18,9,22
2025-03-29,Army West Point,North Carolina,Home,W,13,12,NA,13,10,23,38,21,29,15,7,12,4,16,36,22,36,17,8,12,10,13,8
2025-04-05,Army West Point,Colgate,Away,W,13,7,NA,13,8,21,47,25,31,18,11,7,4,11,37,20,33,21,8,7,13,13,12
2025-04-12,Army West Point,Navy,Away,L,12,11,1,12,5,17,52,27,41,18,12,11,9,20,29,17,29,25,7,11,6,12,15
2025-02-01,Bellarmine,Duke,Away,L,7,26,NA,7,3,10,34,20,22,22,4,26,15,41,53,36,42,14,12,26,10,7,13
2025-02-08,Bellarmine,Mercyhurst,Home,W,21,11,NA,21,12,33,50,34,32,22,6,11,9,20,38,20,9,18,8,11,9,21,13
2025-02-11,Bellarmine,Ohio St.,Away,L,4,16,NA,4,1,5,18,11,26,24,9,16,10,26,58,31,45,19,18,16,15,4,7
2025-02-15,Bellarmine,Canisius,Away,W,13,8,NA,13,5,18,36,29,36,20,8,8,5,13,34,18,33,23,9,8,10,13,16
2025-02-18,Bellarmine,Cleveland St.,Away,W,10,16,NA,10,7,17,31,22,35,19,7,16,10,26,44,29,32,18,10,16,13,10,12
2025-02-22,Bellarmine,Detroit Mercy,Home,L,16,4,NA,16,7,23,46,29,27,23,8,4,3,7,35,15,16,19,11,4,11,16,13
2025-03-01,Bellarmine,LIU,Away,L,9,15,NA,9,6,15,39,20,29,20,7,15,10,25,51,33,36,11,13,15,18,9,11
2025-03-04,Bellarmine,Marquette,Away,W,11,19,NA,11,7,18,28,18,22,20,6,19,14,33,50,37,37,16,13,19,18,11,7
2025-03-08,Bellarmine,Robert Morris,Home,W,13,10,NA,13,7,20,36,24,23,19,7,10,6,16,44,22,23,17,2,10,12,13,11
2025-03-11,Bellarmine,Hampton,Home,L,19,6,NA,19,11,30,46,32,25,16,10,6,3,9,34,20,24,22,9,6,14,19,13
2025-03-15,Bellarmine,St. Bonaventure,Home,W,9,5,NA,9,8,17,32,23,25,18,7,5,3,8,34,21,29,21,7,5,16,9,14
2025-03-29,Bellarmine,Utah,Home,W,9,11,NA,9,3,12,40,21,23,20,8,11,7,18,56,33,34,13,11,11,22,9,12
2025-04-05,Bellarmine,Air Force,Away,L,6,18,NA,6,2,8,28,18,24,12,7,18,11,29,51,28,32,16,1,18,10,6,12
2025-04-12,Bellarmine,Mercer,Home,W,17,14,NA,17,9,26,37,30,22,14,4,14,10,24,46,27,27,15,7,14,13,17,13
2025-02-10,Binghamton,Lafayette,Away,L,9,16,NA,9,4,13,33,18,27,15,8,16,7,23,36,29,39,18,7,16,13,9,9
2025-02-22,Binghamton,Marist,Away,L,9,10,NA,9,5,14,30,15,22,19,0,10,6,16,46,20,31,11,3,10,10,9,6
2025-03-01,Binghamton,Hofstra,Away,L,5,15,NA,5,3,8,29,18,25,17,8,15,9,24,45,24,31,19,8,15,9,5,13
2025-03-05,Binghamton,Siena,Home,W,6,10,NA,6,2,8,39,17,17,14,6,10,3,13,43,25,26,15,8,10,15,6,11
2025-03-08,Binghamton,Stony Brook,Away,L,12,10,NA,12,7,19,44,30,39,18,6,10,6,16,40,19,29,16,4,10,9,12,18
2025-03-14,Binghamton,UMass Lowell,Away,L,14,12,NA,14,3,17,45,23,30,12,5,12,7,19,30,22,24,15,2,12,10,14,9
2025-03-22,Binghamton,NJIT,Home,W,9,4,NA,9,6,15,46,24,36,24,13,4,1,5,20,9,24,32,18,4,5,9,15
2025-03-25,Binghamton,St. Bonaventure,Away,L,6,5,1,6,1,7,50,26,27,16,9,5,4,9,36,22,28,20,9,5,17,6,20
2025-03-29,Binghamton,Harvard,Away,W,12,17,NA,12,7,19,43,26,38,23,10,17,6,23,52,36,41,18,14,17,19,12,14
2025-04-05,Binghamton,UMBC,Away,L,7,17,NA,7,4,11,24,17,20,17,5,17,6,23,51,33,35,10,13,17,16,7,10
2025-04-05,Binghamton,UAlbany,Home,W,9,11,NA,9,6,15,44,19,22,13,9,11,4,15,36,21,21,18,7,11,10,9,10
2025-04-12,Binghamton,UMBC,Away,L,7,17,NA,7,4,11,24,17,20,17,5,17,6,23,51,33,35,10,13,17,16,7,10
2025-02-08,Boston U.,Siena,Away,L,9,7,NA,9,5,14,43,23,32,23,13,7,5,12,38,19,30,25,14,7,12,9,14
2025-02-14,Boston U.,Monmouth,Home,L,15,6,NA,15,12,27,49,30,32,15,12,6,3,9,21,14,23,21,5,6,8,15,15
2025-02-18,Boston U.,Brown,Home,W,8,7,NA,8,6,14,41,26,33,18,15,7,2,9,26,17,21,24,7,7,10,8,18
2025-02-22,Boston U.,Air Force,Home,L,15,7,NA,15,10,25,40,26,43,18,12,7,3,10,32,19,26,22,8,7,12,15,11
2025-03-01,Boston U.,Navy,Away,L,9,13,NA,9,6,15,41,16,43,22,5,13,9,22,43,29,40,14,11,13,16,9,7
2025-03-08,Boston U.,Bucknell,Away,L,21,12,NA,21,15,36,51,33,43,15,7,12,5,17,39,25,29,14,8,12,13,21,12
2025-03-15,Boston U.,Loyola Maryland,Home,L,13,7,NA,13,7,20,45,24,36,22,10,7,3,10,33,18,37,15,10,7,11,13,11
2025-03-22,Boston U.,Army West Point,Away,W,10,9,1,10,7,17,44,28,31,17,7,9,5,14,57,31,34,13,7,9,22,10,18
2025-03-25,Boston U.,Harvard,Away,L,7,16,NA,7,4,11,38,15,31,24,8,16,7,23,45,25,40,17,15,16,9,7,8
2025-03-29,Boston U.,Holy Cross,Home,L,16,4,NA,16,10,26,49,28,38,15,7,4,1,5,32,18,28,12,8,4,14,16,12
2025-04-05,Boston U.,Duke,Home,W,7,12,NA,7,6,13,28,17,34,17,9,12,8,20,39,20,37,22,7,12,8,7,10
2025-04-12,Boston U.,Lafayette,Away,L,9,11,NA,9,4,13,41,20,33,19,10,11,5,16,35,21,36,19,11,11,10,9,11
2025-02-15,Brown,Fairfield,Home,W,5,11,NA,5,2,7,34,18,30,19,8,11,4,15,42,21,28,21,6,11,10,5,13
2025-02-18,Brown,Boston U.,Away,W,7,8,NA,7,2,9,26,17,21,24,7,8,6,14,41,26,33,18,15,8,18,7,10
2025-02-22,Brown,Providence,Home,W,7,6,NA,7,5,12,36,22,16,13,4,6,5,11,33,25,21,10,2,6,19,7,15
2025-03-01,Brown,Georgetown,Home,W,8,13,NA,8,5,13,44,25,30,14,8,13,5,18,36,27,31,16,7,13,14,8,17
2025-03-04,Brown,Bryant,Away,W,10,8,NA,10,6,16,29,19,29,22,9,8,5,13,42,25,33,21,10,8,17,10,9
2025-03-15,Brown,Penn,Away,W,8,9,NA,8,3,11,38,23,22,14,6,9,5,14,31,18,21,13,11,9,9,8,15
2025-03-17,Brown,Villanova,Away,L,9,16,NA,9,8,17,47,28,29,15,11,16,4,20,39,27,36,22,8,16,11,9,19
2025-03-22,Brown,Massachusetts,Away,L,8,7,NA,8,4,12,35,24,32,16,11,7,5,12,28,20,28,18,6,7,13,8,16
2025-03-29,Brown,Yale,Away,W,12,15,NA,12,4,16,47,24,26,15,10,15,8,23,52,26,39,17,6,15,11,12,12
2025-04-05,Brown,Cornell,Home,W,9,13,NA,9,5,14,33,21,29,14,11,13,6,19,40,21,27,17,8,13,8,9,12
2025-04-12,Brown,Princeton,Away,L,7,17,NA,7,3,10,37,25,33,14,8,17,10,27,53,31,40,14,13,17,14,7,18
2025-02-08,Bryant,Providence,Home,L,12,15,NA,12,7,19,45,27,39,12,9,15,11,26,35,27,31,14,10,15,12,12,15
2025-02-15,Bryant,Merrimack,Away,W,19,4,NA,19,12,31,46,30,17,19,10,4,3,7,32,18,14,22,13,4,14,19,11
2025-02-22,Bryant,Quinnipiac,Away,L,18,10,NA,18,12,30,48,33,33,18,11,10,1,11,34,20,25,21,9,10,10,18,15
2025-03-01,Bryant,Ohio St.,Away,W,5,7,NA,5,1,6,32,12,35,25,13,7,5,12,37,22,29,22,11,7,15,5,7
2025-03-04,Bryant,Brown,Home,W,8,10,NA,8,5,13,42,25,33,21,10,10,6,16,29,19,29,22,9,10,9,8,17
2025-03-08,Bryant,St. John's (NY),Home,W,9,6,NA,9,4,13,34,19,34,18,10,6,4,10,43,21,34,15,5,6,15,9,10
2025-03-15,Bryant,UAlbany,Home,W,12,11,NA,12,7,19,44,25,40,17,10,11,6,17,38,21,28,14,10,11,10,12,13
2025-03-22,Bryant,Vermont,Away,W,12,16,NA,12,10,22,33,21,36,18,11,16,9,25,35,24,34,19,10,16,8,12,9
2025-03-29,Bryant,UMBC,Home,L,12,7,NA,12,6,18,31,18,33,14,8,7,1,8,42,17,29,13,7,7,10,12,6
2025-04-05,Bryant,NJIT,Away,W,15,6,NA,15,9,24,56,30,41,13,16,6,3,9,29,16,24,21,9,6,10,15,15
2025-04-12,Bryant,Bucknell Weldon E. Howitt Mid,Away,L,16,14,NA,16,11,27,37,22,32,23,10,14,6,20,49,28,35,15,12,14,14,16,6
2025-02-01,Bucknell,Merrimack,Home,L,23,7,NA,23,19,42,56,34,43,22,13,7,6,13,34,18,34,27,10,7,11,23,11
2025-02-08,Bucknell,St. Bonaventure,Away,W,21,8,NA,21,9,30,59,38,33,10,12,8,5,13,33,20,24,21,5,8,12,21,17
2025-02-15,Bucknell,Dartmouth,Away,W,11,13,NA,11,9,20,37,26,32,14,5,13,8,21,42,28,46,14,10,13,15,11,15
2025-02-22,Bucknell,Hobart,Away,W,12,13,NA,12,10,22,47,25,35,12,12,13,8,21,46,31,36,19,4,13,18,12,13
2025-03-01,Bucknell,Holy Cross,Away,W,10,11,2,10,8,18,46,27,36,15,6,11,10,21,41,24,35,12,11,11,13,10,17
2025-03-08,Bucknell,Boston U.,Home,L,12,21,NA,12,5,17,39,25,29,14,8,21,15,36,51,33,43,15,7,21,12,12,13
2025-03-15,Bucknell,Colgate,Away,L,18,17,NA,18,12,30,45,26,28,11,5,17,13,30,45,29,23,10,6,17,12,18,8
2025-03-22,Bucknell,Lehigh,Home,W,11,10,NA,11,6,17,36,22,27,13,12,10,5,15,45,23,33,19,5,10,13,11,11
2025-03-28,Bucknell,Lafayette,Away,L,5,14,NA,5,3,8,32,18,26,13,7,14,9,23,39,23,30,14,11,14,9,5,13
2025-04-05,Bucknell,Loyola Maryland,Home,L,11,12,1,11,9,20,45,28,45,14,7,12,7,19,39,29,26,12,5,12,17,11,17
2025-04-08,Bucknell,Le Moyne,Away,W,11,7,NA,11,5,16,46,24,33,13,8,7,6,13,29,14,19,16,3,7,7,11,13
2025-04-12,Bucknell,Bryant Weldon E. Howitt Mid,Away,W,14,16,NA,14,6,20,49,28,35,15,12,16,11,27,37,22,32,23,10,16,6,14,14
2025-02-08,Canisius,Hobart,Away,W,12,21,NA,12,5,17,28,19,30,15,8,21,11,32,54,32,38,15,6,21,11,12,7
2025-02-15,Canisius,Bellarmine,Home,W,8,13,NA,8,5,13,34,18,33,23,9,13,5,18,36,29,36,20,8,13,16,8,10
2025-02-18,Canisius,Le Moyne,Away,W,10,11,NA,10,7,17,27,14,19,22,2,11,8,19,27,16,20,15,8,11,5,10,4
2025-02-22,Canisius,Robert Morris,Away,W,7,9,NA,7,3,10,32,20,24,18,3,9,5,14,39,24,40,12,13,9,15,7,13
2025-02-25,Canisius,Michigan,Away,L,2,16,NA,2,1,3,18,11,29,29,6,16,13,29,50,34,30,13,20,16,18,2,9
2025-03-01,Canisius,Cleveland St.,Away,L,8,11,NA,8,4,12,33,22,33,18,4,11,4,15,39,26,40,17,10,11,15,8,14
2025-03-08,Canisius,Sacred Heart,Home,L,10,8,NA,10,6,16,36,20,34,16,10,8,5,13,35,17,28,20,7,8,9,10,10
2025-03-11,Canisius,St. Bonaventure,Home,L,6,7,NA,6,3,9,27,15,31,18,8,7,6,13,34,19,25,16,3,7,12,6,9
2025-03-15,Canisius,Merrimack,Home,L,10,9,NA,10,6,16,42,22,31,22,9,9,8,17,25,12,23,21,8,9,3,10,12
2025-03-22,Canisius,Quinnipiac,Away,W,10,9,NA,10,8,18,29,21,23,14,5,9,7,16,29,14,20,11,11,9,5,10,11
2025-03-26,Canisius,Marist,Away,W,10,14,NA,10,4,14,23,15,26,14,6,14,6,20,56,28,27,11,8,14,14,10,5
2025-03-29,Canisius,Manhattan,Home,W,8,7,NA,8,4,12,44,18,34,20,9,7,2,9,35,17,24,17,10,7,10,8,10
2025-04-05,Canisius,Mount St. Mary's,Away,W,12,6,NA,12,6,18,45,21,22,18,8,6,3,9,29,14,17,18,6,6,8,12,9
2025-04-12,Canisius,Iona,Away,L,9,8,1,9,7,16,50,21,34,16,4,8,5,13,32,22,21,16,7,8,14,9,12
2025-02-08,Cleveland St.,Ohio St.,Away,L,4,14,NA,4,1,5,30,12,32,27,15,14,9,23,47,27,41,23,15,14,13,4,8
2025-02-12,Cleveland St.,Notre Dame,Away,L,6,24,NA,6,2,8,26,18,25,16,3,24,19,43,51,33,40,9,7,24,9,6,12
2025-02-18,Cleveland St.,Bellarmine,Home,W,16,10,NA,16,10,26,44,29,32,18,10,10,7,17,31,22,35,19,7,10,12,16,13
2025-02-22,Cleveland St.,Marquette,Away,L,7,15,NA,7,3,10,24,16,25,18,5,15,12,27,56,28,29,9,5,15,13,7,9
2025-03-01,Cleveland St.,Canisius,Home,L,11,8,NA,11,4,15,39,26,40,17,10,8,4,12,33,22,33,18,4,8,14,11,15
2025-03-04,Cleveland St.,Michigan,Away,L,5,19,NA,5,3,8,23,10,21,24,9,19,12,31,48,28,44,21,12,19,9,5,5
2025-03-08,Cleveland St.,St. Bonaventure,Away,W,6,8,NA,6,2,8,28,16,26,21,9,8,4,12,40,19,26,15,10,8,11,6,10
2025-03-15,Cleveland St.,Wagner,Away,W,14,8,NA,14,9,23,34,24,30,17,10,8,5,13,27,18,30,16,8,8,10,14,10
2025-03-22,Cleveland St.,Le Moyne,Away,L,6,11,NA,6,2,8,37,22,25,17,3,11,5,16,28,17,27,18,3,11,6,6,16
2025-03-29,Cleveland St.,VMI,Home,W,9,11,NA,9,4,13,39,24,34,16,5,11,5,16,42,26,34,11,8,11,15,9,15
2025-04-05,Cleveland St.,Mercyhurst,Away,L,13,10,NA,13,9,22,37,21,35,20,8,10,6,16,39,22,28,14,13,10,12,13,8
2025-04-12,Cleveland St.,LIU,Home,W,7,15,NA,7,3,10,35,21,37,22,3,15,10,25,49,32,43,9,12,15,17,7,14
2025-02-01,Colgate,Penn St.,Away,L,9,14,NA,9,3,12,34,23,21,17,7,14,13,27,45,26,37,18,15,14,12,9,14
2025-02-08,Colgate,Virginia,Away,L,9,19,NA,9,5,14,46,21,32,25,9,19,14,33,69,36,57,20,14,19,17,9,12
2025-02-14,Colgate,UAlbany,Away,L,19,14,NA,19,12,31,62,30,52,14,10,14,10,24,43,23,32,19,11,14,9,19,11
2025-02-18,Colgate,Harvard,Away,L,19,15,NA,19,10,29,49,32,49,19,8,15,12,27,42,27,43,19,11,15,12,19,13
2025-02-22,Colgate,Villanova,Away,W,16,5,NA,16,9,25,50,31,51,24,26,5,1,6,42,23,31,33,11,5,18,16,15
2025-03-01,Colgate,Loyola Maryland,Away,W,18,6,NA,18,10,28,53,35,44,20,18,6,5,11,39,22,39,25,9,6,16,18,17
2025-03-08,Colgate,Lafayette,Away,L,19,14,NA,19,11,30,48,32,36,18,13,14,12,26,35,22,34,24,10,14,8,19,13
2025-03-15,Colgate,Bucknell,Home,L,17,18,NA,17,13,30,45,29,23,10,6,18,12,30,45,26,28,11,5,18,8,17,12
2025-03-22,Colgate,Syracuse,Away,W,12,16,NA,12,8,20,49,30,32,15,7,16,11,27,49,26,37,15,6,16,10,12,18
2025-03-29,Colgate,Navy,Home,L,14,9,NA,14,10,24,53,33,33,9,9,9,4,13,37,19,16,19,6,9,10,14,19
2025-04-05,Colgate,Army West Point,Home,W,7,13,NA,7,4,11,37,20,33,21,8,13,8,21,47,25,31,18,11,13,12,7,13
2025-04-12,Colgate,Lehigh,Away,L,9,12,NA,9,4,13,29,19,29,19,10,12,5,17,42,22,36,24,12,12,10,9,10
2025-02-15,Cornell,Lehigh,Away,L,18,10,NA,18,15,33,54,38,37,15,7,10,7,17,40,24,23,14,2,10,14,18,20
2025-02-22,Cornell,Denver,Home,L,15,5,NA,15,9,24,34,23,29,14,8,5,4,9,40,18,25,16,5,5,13,15,8
2025-02-25,Cornell,Hobart,Away,W,22,9,NA,22,15,37,58,36,40,14,9,9,5,14,48,27,34,17,7,9,18,22,14
2025-03-02,Cornell,Richmond,Away,L,12,11,NA,12,5,17,37,25,33,19,5,11,7,18,40,27,30,13,12,11,16,12,13
2025-03-08,Cornell,Penn St.,Home,L,12,13,1,12,6,18,37,16,30,14,8,13,8,21,44,22,32,12,5,13,9,12,4
2025-03-15,Cornell,Princeton,Home,W,15,10,NA,15,10,25,51,29,29,11,5,10,5,15,35,22,24,11,3,10,12,15,14
2025-03-22,Cornell,Yale,Away,L,19,14,NA,19,14,33,51,33,26,9,9,14,9,23,45,27,32,13,3,14,13,19,14
2025-03-29,Cornell,Penn,Home,L,15,5,NA,15,12,27,38,23,26,14,5,5,3,8,37,17,24,15,7,5,12,15,8
2025-04-01,Cornell,UAlbany,Home,W,18,11,NA,18,12,30,47,29,38,17,7,11,6,17,31,17,28,17,6,11,6,18,11
2025-04-05,Cornell,Brown,Away,W,13,9,NA,13,6,19,40,21,27,17,8,9,5,14,33,21,29,14,11,9,12,13,8
2025-04-12,Cornell,"Syracuse Uniondale, N.Y.",Away,L,17,12,NA,17,12,29,40,24,38,19,7,12,9,21,43,26,36,12,8,12,14,17,7
2025-02-15,Dartmouth,Bucknell,Home,W,13,11,NA,13,8,21,42,28,46,14,10,11,9,20,37,26,32,14,5,11,15,13,15
2025-02-18,Dartmouth,Massachusetts,Away,L,7,11,NA,7,6,13,49,17,35,17,6,11,7,18,37,22,30,14,9,11,11,7,10
2025-02-22,Dartmouth,Holy Cross,Away,W,14,4,NA,14,9,23,40,25,31,15,13,4,4,8,41,19,27,20,5,4,15,14,11
2025-02-28,Dartmouth,Vermont,Home,L,14,9,NA,14,8,22,54,32,39,14,14,9,6,15,34,17,43,22,9,9,8,14,18
2025-03-03,Dartmouth,Siena,Home,W,16,13,NA,16,9,25,41,32,47,16,14,13,9,22,46,23,40,21,8,13,10,16,16
2025-03-08,Dartmouth,Utah,Home,L,11,9,NA,11,7,18,47,24,37,13,10,9,8,17,45,25,41,15,7,9,16,11,13
2025-03-15,Dartmouth,Hobart,Home,L,17,5,NA,17,10,27,42,27,43,13,17,5,2,7,40,24,40,20,12,5,19,17,10
2025-03-22,Dartmouth,Penn,Away,L,9,8,1,9,2,11,31,17,31,14,7,8,5,13,37,22,21,17,5,8,14,9,8
2025-03-29,Dartmouth,Princeton,Home,W,8,11,NA,8,4,12,34,21,29,18,3,11,5,16,60,32,37,6,12,11,21,8,13
2025-04-05,Dartmouth,Harvard,Home,W,7,18,NA,7,4,11,21,15,34,22,6,18,15,33,53,34,43,9,19,18,16,7,8
2025-04-12,Dartmouth,Yale,Away,W,12,21,NA,12,9,21,33,21,28,16,5,21,9,30,54,35,41,13,8,21,14,12,9
2025-02-08,Delaware,Utah,Away,L,13,12,NA,13,9,22,39,24,28,20,10,12,6,18,47,27,30,16,9,12,15,13,11
2025-02-15,Delaware,St. John's (NY),Home,W,17,10,NA,17,5,22,50,30,33,17,7,10,7,17,36,18,28,18,9,10,8,17,13
2025-02-22,Delaware,Penn,Home,W,2,10,NA,2,1,3,29,16,28,17,7,10,5,15,35,22,17,15,8,10,12,2,14
2025-02-28,Delaware,High Point,Home,L,11,6,NA,11,3,14,36,26,28,17,10,6,4,10,32,20,36,16,10,6,14,11,15
2025-03-08,Delaware,Maryland,Away,L,3,14,NA,3,0,3,34,25,20,11,4,14,11,25,46,30,32,8,9,14,16,3,22
2025-03-15,Delaware,Towson,Away,W,18,19,1,18,15,33,46,33,43,12,6,19,9,28,51,36,32,11,7,19,17,18,15
2025-03-19,Delaware,Marist,Home,W,12,10,NA,12,7,19,52,24,35,19,10,10,4,14,33,21,21,20,8,10,11,12,12
2025-03-22,Delaware,Hampton,Home,L,18,3,NA,18,8,26,68,44,46,13,5,3,3,6,29,14,23,25,4,3,11,18,26
2025-03-29,Delaware,Hofstra,Away,W,10,17,NA,10,6,16,53,27,37,12,6,17,13,30,36,25,28,9,5,17,8,10,17
2025-04-05,Delaware,Stony Brook,Home,L,17,9,NA,17,10,27,49,34,28,10,9,9,3,12,41,24,29,18,7,9,15,17,17
2025-04-12,Delaware,Fairfield,Home,L,10,13,NA,10,5,15,41,26,31,11,10,13,6,19,36,25,28,14,7,13,12,10,16
2025-02-01,Denver,Johns Hopkins,Home,L,10,13,NA,10,6,16,35,22,24,13,5,13,11,24,38,24,32,15,8,13,11,10,12
2025-02-08,Denver,Air Force,Away,W,14,8,NA,14,9,23,32,22,28,24,11,8,5,13,40,21,32,21,15,8,13,14,8
2025-02-15,Denver,Utah,Home,L,10,8,NA,10,5,15,39,24,29,17,11,8,4,12,41,24,31,21,5,8,16,10,14
2025-02-22,Denver,Cornell,Away,L,5,15,NA,5,4,9,40,18,25,16,5,15,9,24,34,23,29,14,8,15,8,5,13
2025-02-28,Denver,Marist,Home,L,18,5,NA,18,13,31,38,24,31,13,4,5,4,9,37,19,23,12,6,5,14,18,6
2025-03-02,Denver,Quinnipiac,Home,L,14,7,NA,14,10,24,48,26,33,14,8,7,5,12,27,14,23,16,9,7,7,14,12
2025-03-08,Denver,Yale,Away,W,10,15,NA,10,7,17,39,21,23,17,9,15,6,21,46,32,37,19,9,15,17,10,11
2025-03-16,Denver,Ohio St.,Home,L,11,15,NA,11,6,17,34,22,39,16,10,15,8,23,35,25,30,16,9,15,10,11,11
2025-03-22,Denver,"Duke Dallas, Texas",Away,W,13,6,NA,13,5,18,32,20,24,15,7,6,5,11,40,18,32,15,6,6,12,13,7
2025-03-29,Denver,Villanova,Home,W,9,10,1,9,7,16,32,17,25,18,11,10,6,16,52,25,39,18,8,10,15,9,8
2025-04-05,Denver,St. John's (NY),Away,W,14,7,NA,14,7,21,37,25,38,16,11,7,5,12,37,19,27,23,6,7,12,14,11
2025-04-12,Denver,Georgetown,Away,L,7,3,NA,7,5,12,31,22,23,15,4,3,3,6,33,14,27,16,7,3,11,7,15
2025-02-04,Detroit Mercy,Ohio St.,Away,L,4,14,NA,4,2,6,28,15,27,23,11,14,5,19,53,30,45,19,13,14,16,4,11
2025-02-08,Detroit Mercy,Marquette,Away,L,6,16,NA,6,1,7,26,16,18,17,7,16,10,26,49,29,28,15,6,16,13,6,10
2025-02-22,Detroit Mercy,Bellarmine,Away,L,4,16,NA,4,3,7,35,15,16,19,11,16,7,23,46,29,27,23,8,16,13,4,11
2025-03-07,Detroit Mercy,Hampton,Away,W,11,5,NA,11,4,15,49,32,28,14,12,5,3,8,30,15,18,18,8,5,10,11,21
2025-03-15,Detroit Mercy,Robert Morris,Home,W,4,19,NA,4,2,6,32,21,21,14,6,19,15,34,45,34,31,10,8,19,15,4,17
2025-03-22,Detroit Mercy,LIU,Away,L,9,14,NA,9,5,14,33,23,33,20,6,14,7,21,47,35,29,12,13,14,21,9,14
2025-03-29,Detroit Mercy,Le Moyne,Home,L,5,8,NA,5,1,6,29,18,20,16,8,8,6,14,34,16,25,15,10,8,8,5,13
2025-04-05,Detroit Mercy,VMI,Away,W,10,9,1,10,6,16,47,29,28,18,10,9,5,14,53,22,24,16,11,9,13,10,19
2025-04-12,Detroit Mercy,Wagner,Home,W,15,11,NA,15,6,21,36,25,30,14,15,11,4,15,32,19,31,22,9,11,8,15,10
2025-02-15,Drexel,UMBC,Home,L,6,9,NA,6,5,11,33,16,24,20,11,9,5,14,30,16,22,20,7,9,7,6,10
2025-02-18,Drexel,Lafayette,Home,W,12,10,NA,12,6,18,44,27,33,24,9,10,6,16,25,14,29,24,7,10,4,12,15
2025-02-22,Drexel,UAlbany,Away,L,9,16,NA,9,8,17,33,20,29,15,3,16,9,25,48,19,42,16,7,16,3,9,11
2025-02-26,Drexel,NJIT,Away,W,17,5,NA,17,9,26,43,28,31,17,10,5,4,9,32,16,22,23,5,5,11,17,11
2025-03-01,Drexel,"Mercer Atlanta, Ga.",Away,W,21,6,NA,21,13,34,50,37,31,16,6,6,4,10,33,21,27,19,5,6,15,21,16
2025-03-04,Drexel,Villanova,Away,W,6,9,NA,6,3,9,38,17,34,20,11,9,4,13,31,19,25,19,7,9,10,6,11
2025-03-09,Drexel,Saint Joseph's,Home,L,11,17,NA,11,5,16,36,24,29,18,8,17,12,29,48,25,42,18,11,17,8,11,13
2025-03-15,Drexel,Monmouth,Home,W,13,10,NA,13,8,21,34,24,35,20,6,10,4,14,41,24,30,14,11,10,14,13,11
2025-03-22,Drexel,Fairfield,Away,W,11,12,NA,11,9,20,36,18,20,17,9,12,9,21,40,25,31,13,13,12,13,11,7
2025-03-29,Drexel,Towson,Home,W,8,12,NA,8,5,13,31,16,26,15,4,12,7,19,41,22,39,11,8,12,10,8,8
2025-04-05,Drexel,Hampton,Home,W,17,1,NA,17,9,26,61,33,40,14,14,1,1,2,20,10,20,24,3,1,9,17,16
2025-04-12,Drexel,Hofstra,Away,W,14,6,NA,14,9,23,34,24,26,18,5,6,3,9,42,19,25,14,1,6,13,14,10
2025-02-01,Duke,Bellarmine,Home,L,26,7,NA,26,15,41,53,36,42,14,12,7,3,10,34,20,22,22,4,7,13,26,10
2025-02-08,Duke,Jacksonville,Away,W,14,9,NA,14,8,22,37,27,28,14,13,9,4,13,31,15,25,19,6,9,6,14,13
2025-02-15,Duke,Saint Joseph's,Home,L,11,9,NA,11,7,18,32,16,34,18,13,9,5,14,25,20,29,22,9,9,11,11,5
2025-02-22,Duke,Michigan,Home,W,8,7,1,8,3,11,36,18,30,16,9,7,5,12,30,21,22,18,4,7,14,8,10
2025-02-28,Duke,Princeton,Home,L,14,15,NA,14,10,24,34,20,29,15,6,15,8,23,39,26,34,15,7,15,11,14,6
2025-03-02,Duke,Penn,Home,L,11,6,NA,11,8,19,42,24,30,9,10,6,4,10,35,15,16,18,2,6,9,11,13
2025-03-08,Duke,Air Force,Home,W,16,11,NA,16,10,26,40,33,38,16,13,11,4,15,31,17,31,24,6,11,6,16,17
2025-03-12,Duke,Providence,Home,W,16,10,NA,16,10,26,44,28,38,17,10,10,4,14,27,19,23,19,3,10,9,16,12
2025-03-15,Duke,Richmond,Away,L,13,12,2,13,7,20,35,23,25,13,5,12,5,17,46,26,30,15,8,12,14,13,10
2025-03-22,Duke,"Denver Dallas, Texas",Away,L,6,13,NA,6,5,11,40,18,32,15,6,13,5,18,32,20,24,15,7,13,7,6,12
2025-03-29,Duke,Notre Dame,Away,L,7,14,NA,7,4,11,32,17,23,11,7,14,10,24,38,25,27,12,5,14,11,7,10
2025-04-05,Duke,Boston U.,Away,W,12,7,NA,12,8,20,39,20,37,22,7,7,6,13,28,17,34,17,9,7,10,12,8
2025-04-12,Duke,North Carolina,Home,L,7,8,NA,7,3,10,36,19,27,14,11,8,4,12,36,20,30,18,3,8,12,7,12
2025-02-07,Fairfield,Lehigh,Home,L,10,7,NA,10,4,14,40,25,36,17,14,7,3,10,23,14,21,26,9,7,7,10,15
2025-02-15,Fairfield,Brown,Away,W,11,5,NA,11,4,15,42,21,28,21,6,5,2,7,34,18,30,19,8,5,13,11,10
2025-02-19,Fairfield,Sacred Heart,Home,W,13,12,2,13,6,19,55,27,33,14,13,12,7,19,43,20,37,24,13,12,8,13,14
2025-02-22,Fairfield,Manhattan,Home,W,8,7,1,8,3,11,48,29,32,13,11,7,4,11,30,19,23,15,8,7,12,8,21
2025-03-01,Fairfield,Providence,Home,L,15,7,NA,15,9,24,47,32,34,13,13,7,5,12,30,22,27,21,7,7,15,15,17
2025-03-04,Fairfield,St. John's (NY),Away,W,20,8,NA,20,12,32,68,40,45,15,11,8,6,14,36,15,31,25,11,8,7,20,20
2025-03-08,Fairfield,UMass Lowell,Home,L,19,5,NA,19,13,32,43,26,30,12,16,5,2,7,30,17,27,21,5,5,12,19,7
2025-03-15,Fairfield,Hampton,Away,W,29,4,NA,29,23,52,59,38,45,18,14,4,1,5,21,12,16,22,3,4,8,29,9
2025-03-22,Fairfield,Drexel,Home,W,12,11,NA,12,9,21,40,25,31,13,13,11,9,20,36,18,20,17,9,11,7,12,13
2025-03-29,Fairfield,Stony Brook,Away,W,16,17,NA,16,8,24,55,36,51,16,14,17,6,23,35,24,41,20,6,17,7,16,20
2025-04-05,Fairfield,Hofstra,Home,W,14,10,NA,14,9,23,47,27,30,17,16,10,7,17,43,22,33,22,10,10,12,14,13
2025-04-12,Fairfield,Delaware,Away,L,13,10,NA,13,6,19,36,25,28,14,7,10,5,15,41,26,31,11,10,10,16,13,12
2025-02-01,Georgetown,Loyola Maryland,Home,L,13,6,NA,13,8,21,29,25,30,17,8,6,4,10,29,20,24,15,9,6,14,13,12
2025-02-08,Georgetown,Johns Hopkins,Away,L,6,11,NA,6,5,11,34,12,27,16,10,11,9,20,25,16,19,18,6,11,5,6,6
2025-02-15,Georgetown,Penn,Home,W,8,6,NA,8,4,12,41,21,25,14,5,6,4,10,25,14,14,14,2,6,8,8,13
2025-02-22,Georgetown,Notre Dame,Home,W,9,11,NA,9,4,13,43,25,40,11,12,11,2,13,36,16,27,20,5,11,5,9,16
2025-03-01,Georgetown,Brown,Away,W,13,8,NA,13,5,18,36,27,31,16,7,8,5,13,44,25,30,14,8,8,17,13,14
2025-03-05,Georgetown,UAlbany,Away,W,12,7,NA,12,7,19,38,23,43,15,9,7,4,11,37,21,31,18,5,7,14,12,11
2025-03-15,Georgetown,High Point,Home,W,17,10,NA,17,14,31,42,33,31,9,14,10,5,15,29,19,33,20,5,10,9,17,16
2025-03-22,Georgetown,Richmond,Home,L,12,13,NA,12,9,21,36,20,31,18,9,13,8,21,38,21,41,12,11,13,8,12,8
2025-03-29,Georgetown,Providence,Home,W,14,13,NA,14,12,26,38,29,36,17,11,13,10,23,35,23,26,17,7,13,10,14,15
2025-04-05,Georgetown,Marquette,Away,W,10,9,2,10,7,17,53,27,34,13,6,9,5,14,36,19,18,10,7,9,10,10,17
2025-04-12,Georgetown,Denver,Home,L,3,7,NA,3,3,6,33,14,27,16,7,7,5,12,31,22,23,15,4,7,15,3,11
2025-02-01,Hampton,Mercer,Home,W,3,23,NA,3,2,5,26,11,14,19,8,23,12,35,61,41,32,22,8,23,18,3,8
2025-02-09,Hampton,Iona,Home,W,9,13,NA,9,5,14,26,16,15,17,8,13,7,20,64,34,29,12,7,13,21,9,7
2025-02-18,Hampton,VMI,Away,L,4,28,NA,4,2,6,30,11,17,23,3,28,16,44,73,44,46,14,14,28,16,4,7
2025-02-22,Hampton,Jacksonville,Away,L,6,21,NA,6,2,8,16,12,21,26,4,21,16,37,48,37,45,14,12,21,16,6,6
2025-03-02,Hampton,Mercyhurst,Home,W,6,22,NA,6,4,10,28,15,17,14,5,22,14,36,62,41,34,12,4,22,19,6,9
2025-03-07,Hampton,Detroit Mercy,Home,W,5,11,NA,5,3,8,30,15,18,18,8,11,4,15,49,32,28,14,12,11,21,5,10
2025-03-11,Hampton,Bellarmine,Away,L,6,19,NA,6,3,9,34,20,24,22,9,19,11,30,46,32,25,16,10,19,13,6,14
2025-03-15,Hampton,Fairfield,Home,W,4,29,NA,4,1,5,21,12,16,22,3,29,23,52,59,38,45,18,14,29,9,4,8
2025-03-18,Hampton,Queens (NC),Home,W,8,15,NA,8,3,11,29,21,28,21,5,15,6,21,54,31,45,11,12,15,16,8,13
2025-03-22,Hampton,Delaware,Away,L,3,18,NA,3,3,6,29,14,23,25,4,18,8,26,68,44,46,13,5,18,26,3,11
2025-03-29,Hampton,Monmouth,Home,W,4,24,NA,4,1,5,16,11,16,17,6,24,8,32,67,43,37,12,8,24,19,4,7
2025-04-05,Hampton,Drexel,Away,W,1,17,NA,1,1,2,20,10,20,24,3,17,9,26,61,33,40,14,14,17,16,1,9
2025-04-12,Hampton,Towson,Away,L,3,25,NA,3,2,5,23,9,19,25,4,25,14,39,78,49,59,11,15,25,24,3,6
2025-02-15,Harvard,Providence,Away,L,12,10,NA,12,7,19,35,24,26,14,7,10,7,17,43,23,31,21,2,10,13,12,12
2025-02-18,Harvard,Colgate,Home,L,15,19,NA,15,12,27,42,27,43,19,11,19,10,29,49,32,49,19,8,19,13,15,12
2025-02-22,Harvard,Syracuse,Away,L,15,14,NA,15,9,24,40,24,24,15,3,14,10,24,50,27,40,15,9,14,13,15,9
2025-03-01,Harvard,Marquette,Home,W,20,16,NA,20,12,32,42,27,42,15,14,16,10,26,46,30,43,21,8,16,14,20,7
2025-03-08,Harvard,Michigan,Home,W,14,11,NA,14,10,24,45,26,41,19,14,11,5,16,32,23,33,22,11,11,12,14,12
2025-03-15,Harvard,Yale,Home,W,14,11,NA,14,7,21,49,24,39,14,14,11,5,16,41,19,27,22,3,11,8,14,10
2025-03-22,Harvard,Princeton,Away,W,11,13,NA,11,6,17,50,28,32,14,12,13,6,19,45,25,42,20,9,13,12,11,17
2025-03-25,Harvard,Boston U.,Home,L,16,7,NA,16,7,23,45,25,40,17,15,7,4,11,38,15,31,24,8,7,8,16,9
2025-03-29,Harvard,Binghamton,Home,W,17,12,NA,17,6,23,52,36,41,18,14,12,7,19,43,26,38,23,10,12,14,17,19
2025-04-05,Harvard,Dartmouth,Away,W,18,7,NA,18,15,33,53,34,43,9,19,7,4,11,21,15,34,22,6,7,8,18,16
2025-04-12,Harvard,Penn,Home,L,13,6,NA,13,6,19,46,26,45,15,13,6,4,10,26,13,29,24,6,6,7,13,13
2025-02-01,High Point,Navy,Home,L,10,14,NA,10,5,15,32,22,37,17,11,14,8,22,36,21,39,18,13,14,7,10,12
2025-02-08,High Point,VMI,Away,L,12,11,1,12,6,18,47,32,30,13,6,11,5,16,29,21,21,13,8,11,10,12,20
2025-02-15,High Point,Robert Morris,Home,W,17,11,NA,17,12,29,43,27,39,15,9,11,6,17,38,23,36,16,6,11,12,17,10
2025-02-18,High Point,Virginia,Away,L,8,17,NA,8,6,14,28,15,27,23,6,17,11,28,44,30,40,13,14,17,13,8,7
2025-02-28,High Point,Delaware,Away,L,6,11,NA,6,4,10,32,20,36,16,10,11,3,14,36,26,28,17,10,11,15,6,14
2025-03-08,High Point,"Jacksonville Savannah, Ga.",Away,L,9,11,NA,9,4,13,39,26,30,12,6,11,9,20,44,22,25,16,6,11,11,9,17
2025-03-11,High Point,Queens (NC),Home,L,18,7,NA,18,10,28,46,28,41,14,9,7,3,10,29,15,26,16,9,7,8,18,10
2025-03-15,High Point,Georgetown,Away,W,10,17,NA,10,5,15,29,19,33,20,5,17,14,31,42,33,31,9,14,17,16,10,9
2025-03-21,High Point,North Carolina,Home,W,2,14,NA,2,1,3,25,13,24,19,5,14,5,19,49,30,32,12,14,14,16,2,11
2025-03-29,High Point,Hobart,Home,W,9,7,NA,9,5,14,44,21,29,14,7,7,3,10,37,21,26,16,4,7,14,9,12
2025-04-05,High Point,Massachusetts,Away,W,14,9,NA,14,10,24,34,26,34,16,3,9,5,14,29,18,14,12,7,9,9,14,12
2025-04-12,High Point,Richmond,Away,L,6,11,NA,6,1,7,25,13,26,20,3,11,5,16,43,27,26,7,13,11,16,6,7
2025-02-01,Hofstra,Iona,Away,L,20,2,NA,20,8,28,58,37,31,12,11,2,1,3,15,9,19,20,3,2,7,20,17
2025-02-07,Hofstra,Wagner,Home,L,17,5,NA,17,8,25,60,32,36,12,7,5,1,6,29,18,22,19,2,5,13,17,15
2025-02-14,Hofstra,Siena,Home,L,11,17,NA,11,10,21,48,26,30,16,2,17,11,28,41,29,38,16,7,17,12,11,15
2025-02-22,Hofstra,St. John's (NY),Away,L,13,12,1,13,5,18,36,28,36,22,11,12,5,17,37,24,39,24,13,12,12,13,15
2025-03-01,Hofstra,Binghamton,Home,L,15,5,NA,15,9,24,45,24,31,19,8,5,3,8,29,18,25,17,8,5,13,15,9
2025-03-08,Hofstra,North Carolina,Away,L,7,18,NA,7,2,9,31,18,23,16,4,18,12,30,48,29,43,19,9,18,11,7,11
2025-03-15,Hofstra,Stony Brook,Home,W,13,12,2,13,5,18,47,24,26,9,9,12,2,14,38,21,26,14,1,12,9,13,11
2025-03-22,Hofstra,Monmouth,Away,W,15,9,NA,15,8,23,43,24,42,17,3,9,7,16,50,26,29,11,6,9,17,15,9
2025-03-29,Hofstra,Delaware,Home,W,17,10,NA,17,13,30,36,25,28,9,5,10,6,16,53,27,37,12,6,10,17,17,8
2025-04-05,Hofstra,Fairfield,Away,W,10,14,NA,10,7,17,43,22,33,22,10,14,9,23,47,27,30,17,16,14,13,10,12
2025-04-12,Hofstra,Drexel,Home,W,6,14,NA,6,3,9,42,19,25,14,1,14,9,23,34,24,26,18,5,14,10,6,13
2025-04-15,Hofstra,Yale,Away,W,6,9,NA,6,4,10,48,21,31,17,8,9,7,16,33,25,28,18,7,9,16,6,15
2025-02-01,Holy Cross,Providence,Away,L,8,15,NA,8,4,12,28,19,24,20,7,15,12,27,50,37,38,16,4,15,22,8,11
2025-02-07,Holy Cross,Queens (NC),Away,L,13,12,NA,13,4,17,56,25,26,14,10,12,6,18,29,13,24,20,10,12,1,13,12
2025-02-11,Holy Cross,UMass Lowell,Home,L,14,9,NA,14,7,21,44,31,39,17,12,9,5,14,21,13,31,24,7,9,4,14,17
2025-02-15,Holy Cross,Sacred Heart,Away,L,7,11,NA,7,3,10,30,17,26,21,6,11,7,18,32,22,31,25,6,11,11,7,10
2025-02-22,Holy Cross,Dartmouth,Home,W,4,14,NA,4,4,8,41,19,27,20,5,14,9,23,40,25,31,15,13,14,11,4,15
2025-03-01,Holy Cross,Bucknell,Home,W,11,10,2,11,10,21,41,24,35,12,11,10,8,18,46,27,36,15,6,10,17,11,13
2025-03-04,Holy Cross,Merrimack,Home,L,10,11,1,10,8,18,36,29,36,12,11,11,5,16,39,24,31,16,7,11,13,10,19
2025-03-08,Holy Cross,Army West Point,Home,W,4,17,NA,4,4,8,36,20,30,21,9,17,15,32,61,28,41,16,10,17,11,4,16
2025-03-15,Holy Cross,Lafayette,Away,L,8,13,NA,8,2,10,27,13,19,18,10,13,9,22,34,18,30,19,5,13,5,8,5
2025-03-22,Holy Cross,Navy,Home,L,8,9,1,8,5,13,29,18,24,15,5,9,5,14,43,29,30,16,7,9,20,8,10
2025-03-29,Holy Cross,Boston U.,Away,L,4,16,NA,4,1,5,32,18,28,12,8,16,10,26,49,28,38,15,7,16,12,4,14
2025-04-05,Holy Cross,Lehigh,Home,W,6,10,NA,6,2,8,38,18,32,19,12,10,7,17,40,23,41,25,5,10,13,6,12
2025-04-12,Holy Cross,Loyola Maryland,Away,W,10,21,NA,10,7,17,41,27,32,12,4,21,17,38,41,30,36,13,8,21,9,10,17
2025-02-01,Jacksonville,Syracuse,Away,L,5,24,NA,5,4,9,30,16,23,22,1,24,13,37,58,39,42,9,12,24,15,5,11
2025-02-08,Jacksonville,Duke,Home,W,9,14,NA,9,4,13,31,15,25,19,6,14,8,22,37,27,28,14,13,14,13,9,6
2025-02-15,Jacksonville,Marist,Home,W,15,12,NA,15,7,22,50,32,39,12,8,12,5,17,39,19,19,17,3,12,7,15,17
2025-02-22,Jacksonville,Hampton,Home,L,21,6,NA,21,16,37,48,37,45,14,12,6,2,8,16,12,21,26,4,6,6,21,16
2025-02-28,Jacksonville,St. John's (NY),Away,L,11,10,1,11,7,18,46,27,37,22,15,10,4,14,42,21,29,20,13,10,11,11,16
2025-03-02,Jacksonville,Iona,Away,W,18,4,NA,18,13,31,40,29,39,21,8,4,3,7,34,19,26,17,11,4,15,18,11
2025-03-08,Jacksonville,"High Point Savannah, Ga.",Away,W,11,9,NA,11,9,20,44,22,25,16,6,9,4,13,39,26,30,12,6,9,17,11,11
2025-03-16,Jacksonville,North Carolina,Away,L,7,20,NA,7,3,10,26,19,21,16,6,20,12,32,53,30,39,14,7,20,10,7,12
2025-03-29,Jacksonville,Air Force,Home,W,15,11,NA,15,11,26,44,26,33,10,13,11,5,16,29,20,30,16,5,11,9,15,11
2025-04-05,Jacksonville,Queens (NC),Away,W,11,6,NA,11,10,21,42,22,33,20,7,6,3,9,33,15,28,18,8,6,9,11,11
2025-04-12,Jacksonville,Utah,Away,W,14,17,NA,14,11,25,36,21,21,23,4,17,11,28,51,31,40,10,14,17,14,14,7
2025-02-01,Johns Hopkins,Denver,Away,L,13,10,NA,13,11,24,38,24,32,15,8,10,6,16,35,22,24,13,5,10,12,13,11
2025-02-04,Johns Hopkins,Towson,Away,L,11,10,NA,11,6,17,37,22,32,18,10,10,7,17,33,20,28,21,4,10,10,11,11
2025-02-08,Johns Hopkins,Georgetown,Home,L,11,6,NA,11,9,20,25,16,19,18,6,6,5,11,34,12,27,16,10,6,6,11,5
2025-02-15,Johns Hopkins,Loyola Maryland,Away,L,9,8,NA,9,6,15,30,22,23,15,9,8,6,14,24,13,27,19,3,8,5,9,13
2025-02-22,Johns Hopkins,North Carolina,Home,L,12,13,NA,12,7,19,36,19,31,12,3,13,7,20,40,23,29,12,4,13,10,12,7
2025-03-01,Johns Hopkins,Virginia,Home,W,13,12,NA,13,8,21,30,21,18,15,7,12,9,21,36,22,27,18,7,12,10,13,8
2025-03-09,Johns Hopkins,Syracuse,Away,W,10,13,NA,10,5,15,35,22,20,15,5,13,9,22,46,19,32,11,7,13,6,10,12
2025-03-15,Johns Hopkins,Navy,Away,W,12,9,NA,12,7,19,48,20,30,15,2,9,4,13,34,23,19,7,4,9,14,12,8
2025-03-22,Johns Hopkins,Rutgers,Home,W,8,11,NA,8,5,13,34,18,27,15,5,11,7,18,31,20,25,12,4,11,9,8,10
2025-03-29,Johns Hopkins,Michigan,Away,L,8,11,NA,8,3,11,38,20,25,17,7,11,6,17,35,21,27,14,10,11,10,8,12
2025-04-05,Johns Hopkins,Ohio St.,Home,L,10,14,NA,10,6,16,38,25,30,14,8,14,9,23,30,19,21,14,3,14,5,10,15
2025-04-12,Johns Hopkins,Penn St.,Away,L,4,10,NA,4,0,4,30,11,25,17,8,10,8,18,50,22,34,10,11,10,12,4,7
2025-02-04,LIU,Rutgers,Away,L,3,17,NA,3,1,4,30,14,28,17,5,17,11,28,48,26,38,13,10,17,9,3,11
2025-02-08,LIU,Mount St. Mary's,Away,L,15,12,NA,15,9,24,46,32,48,12,11,12,8,20,24,19,22,17,6,12,7,15,17
2025-02-15,LIU,Iona,Home,L,14,9,NA,14,9,23,44,33,41,17,11,9,8,17,33,20,32,23,4,9,11,14,19
2025-02-22,LIU,Siena,Home,W,13,12,NA,13,9,22,33,26,18,10,7,12,10,22,40,27,26,17,7,12,15,13,13
2025-03-01,LIU,Bellarmine,Home,L,15,9,NA,15,10,25,51,33,36,11,13,9,6,15,39,20,29,20,7,9,11,15,18
2025-03-08,LIU,Queens (NC),Away,W,13,9,NA,13,4,17,39,29,24,14,7,9,4,13,37,21,23,14,7,9,12,13,16
2025-03-15,LIU,Mercyhurst,Away,L,15,12,NA,15,9,24,46,25,38,15,5,12,7,19,32,24,15,12,11,12,12,15,10
2025-03-22,LIU,Detroit Mercy,Home,L,14,9,NA,14,7,21,47,35,29,12,13,9,5,14,33,23,33,20,6,9,14,14,21
2025-03-28,LIU,Wagner,Away,W,11,12,1,11,8,19,37,29,24,13,3,12,6,18,39,26,25,12,4,12,14,11,18
2025-04-05,LIU,Robert Morris,Home,W,9,13,NA,9,5,14,41,26,24,15,5,13,11,24,37,21,27,19,6,13,8,9,17
2025-04-12,LIU,Cleveland St.,Away,W,15,7,NA,15,10,25,49,32,43,9,12,7,3,10,35,21,37,22,3,7,14,15,17
2025-02-01,Lafayette,Air Force,Home,L,11,8,NA,11,5,16,31,21,36,17,10,8,7,15,28,19,31,22,12,8,11,11,10
2025-02-10,Lafayette,Binghamton,Home,L,16,9,NA,16,7,23,36,29,39,18,7,9,4,13,33,18,27,15,8,9,9,16,13
2025-02-18,Lafayette,Drexel,Away,W,10,12,NA,10,6,16,25,14,29,24,7,12,6,18,44,27,33,24,9,12,15,10,4
2025-02-22,Lafayette,Le Moyne,Away,W,15,4,NA,15,3,18,41,26,36,14,11,4,3,7,18,15,16,17,4,4,11,15,11
2025-03-01,Lafayette,Army West Point,Away,L,5,15,NA,5,3,8,26,17,22,21,10,15,11,26,45,30,41,18,17,15,15,5,12
2025-03-08,Lafayette,Colgate,Home,L,14,19,NA,14,12,26,35,22,34,24,10,19,11,30,48,32,36,18,13,19,13,14,8
2025-03-11,Lafayette,NJIT,Home,L,14,4,NA,14,10,24,38,24,32,20,4,4,3,7,33,13,23,18,6,4,9,14,10
2025-03-15,Lafayette,Holy Cross,Home,L,13,8,NA,13,9,22,34,18,30,19,5,8,2,10,27,13,19,18,10,8,5,13,5
2025-03-22,Lafayette,Loyola Maryland,Away,L,11,10,NA,11,8,19,32,23,27,21,6,10,8,18,43,26,35,15,11,10,16,11,12
2025-03-28,Lafayette,Bucknell,Home,L,14,5,NA,14,9,23,39,23,30,14,11,5,3,8,32,18,26,13,7,5,13,14,9
2025-04-04,Lafayette,Navy,Away,L,8,14,NA,8,2,10,50,25,40,13,9,14,11,25,36,22,32,17,6,14,8,8,17
2025-04-12,Lafayette,Boston U.,Home,L,11,9,NA,11,5,16,35,21,36,19,11,9,4,13,41,20,33,19,10,9,11,11,10
2025-02-01,Lehigh,Rutgers,Home,W,6,10,NA,6,2,8,30,17,34,22,8,10,4,14,44,22,31,16,9,10,12,6,11
2025-02-07,Lehigh,Fairfield,Away,L,7,10,NA,7,3,10,23,14,21,26,9,10,4,14,40,25,36,17,14,10,15,7,7
2025-02-15,Lehigh,Cornell,Home,L,10,18,NA,10,7,17,40,24,23,14,2,18,15,33,54,38,37,15,7,18,20,10,14
2025-02-22,Lehigh,Richmond,Home,L,8,9,NA,8,4,12,32,21,34,17,6,9,6,15,39,25,30,11,7,9,16,8,13
2025-02-28,Lehigh,Villanova,Away,W,10,7,NA,10,7,17,39,18,23,15,13,7,4,11,35,23,22,19,5,7,16,10,8
2025-03-07,Lehigh,Navy,Away,W,13,8,NA,13,7,20,51,22,38,17,2,8,8,16,31,18,11,11,4,8,10,13,9
2025-03-15,Lehigh,Army West Point,Home,W,4,13,NA,4,2,6,27,15,34,26,11,13,7,20,49,25,33,19,11,13,12,4,11
2025-03-22,Lehigh,Bucknell,Away,W,10,11,NA,10,5,15,45,23,33,19,5,11,6,17,36,22,27,13,12,11,11,10,13
2025-03-29,Lehigh,Loyola Maryland,Home,W,7,3,NA,7,3,10,38,21,37,19,9,3,1,4,32,16,25,14,8,3,13,7,14
2025-04-01,Lehigh,Princeton,Away,W,12,17,NA,12,7,19,44,26,35,17,6,17,11,28,58,31,50,17,8,17,14,12,14
2025-04-05,Lehigh,Holy Cross,Away,W,10,6,NA,10,7,17,40,23,41,25,5,6,2,8,38,18,32,19,12,6,12,10,13
2025-04-12,Lehigh,Colgate,Home,L,12,9,NA,12,5,17,42,22,36,24,12,9,4,13,29,19,29,19,10,9,10,12,10
2025-02-01,Loyola Maryland,Georgetown,Away,L,6,13,NA,6,4,10,29,20,24,15,9,13,8,21,29,25,30,17,8,13,12,6,14
2025-02-08,Loyola Maryland,Maryland,Home,L,7,8,1,7,2,9,26,17,23,12,11,8,4,12,31,19,26,18,4,8,11,7,10
2025-02-15,Loyola Maryland,Johns Hopkins,Home,L,8,9,NA,8,6,14,24,13,27,19,3,9,6,15,30,22,23,15,9,9,13,8,5
2025-02-22,Loyola Maryland,Rutgers,Away,L,5,10,NA,5,4,9,29,18,22,14,2,10,7,17,47,29,39,12,6,10,19,5,13
2025-03-01,Loyola Maryland,Colgate,Home,W,6,18,NA,6,5,11,39,22,39,25,9,18,10,28,53,35,44,20,18,18,17,6,16
2025-03-08,Loyola Maryland,Providence,Away,W,11,12,NA,11,7,18,36,20,28,16,7,12,5,17,43,27,29,14,7,12,15,11,9
2025-03-15,Loyola Maryland,Boston U.,Away,L,7,13,NA,7,3,10,33,18,37,15,10,13,7,20,45,24,36,22,10,13,11,7,11
2025-03-22,Loyola Maryland,Lafayette,Home,L,10,11,NA,10,8,18,43,26,35,15,11,11,8,19,32,23,27,21,6,11,12,10,16
2025-03-29,Loyola Maryland,Lehigh,Away,W,3,7,NA,3,1,4,32,16,25,14,8,7,3,10,38,21,37,19,9,7,14,3,13
2025-04-05,Loyola Maryland,Bucknell,Away,L,12,11,1,12,7,19,39,29,26,12,5,11,9,20,45,28,45,14,7,11,17,12,17
2025-04-08,Loyola Maryland,Towson,Away,W,12,13,2,12,7,19,34,20,38,28,11,13,10,23,40,30,49,25,15,13,17,12,8
2025-04-12,Loyola Maryland,Holy Cross,Home,W,21,10,NA,21,17,38,41,30,36,13,8,10,7,17,41,27,32,12,4,10,17,21,9
2025-02-01,Manhattan,Wagner,Away,W,14,3,NA,14,5,19,35,21,28,9,10,3,2,5,49,16,29,14,7,3,13,14,7
2025-02-08,Manhattan,Monmouth,Away,L,9,7,NA,9,2,11,37,23,37,16,14,7,5,12,30,18,27,20,6,7,11,9,14
2025-02-15,Manhattan,Vermont,Away,L,6,12,NA,6,5,11,21,13,18,23,8,12,6,18,45,31,38,25,13,12,19,6,7
2025-02-22,Manhattan,Fairfield,Away,W,7,8,1,7,4,11,30,19,23,15,8,8,3,11,48,29,32,13,11,8,21,7,12
2025-03-01,Manhattan,Stony Brook,Home,W,7,12,NA,7,1,8,31,20,16,14,15,12,10,22,36,27,27,17,13,12,15,7,13
2025-03-08,Manhattan,Merrimack,Away,L,12,11,NA,12,7,19,29,26,32,13,7,11,3,14,30,19,22,15,9,11,8,12,14
2025-03-15,Manhattan,Mount St. Mary's,Home,W,13,11,NA,13,9,22,40,29,34,10,13,11,8,19,27,23,25,19,5,11,12,13,16
2025-03-18,Manhattan,Syracuse,Away,L,2,18,NA,2,0,2,18,9,20,20,3,18,10,28,71,44,50,11,10,18,26,2,7
2025-03-26,Manhattan,Quinnipiac,Home,W,7,6,NA,7,4,11,33,19,29,15,13,6,4,10,32,16,26,20,8,6,10,7,12
2025-03-29,Manhattan,Canisius,Away,W,7,8,NA,7,2,9,35,17,24,17,10,8,4,12,44,18,34,20,9,8,10,7,10
2025-04-05,Manhattan,Siena,Home,W,8,12,NA,8,6,14,31,20,24,17,7,12,10,22,44,22,31,15,11,12,10,8,12
2025-04-12,Manhattan,Marist,Away,W,10,14,NA,10,3,13,34,20,27,10,2,14,5,19,43,32,37,10,4,14,18,10,10
2025-02-08,Marist,Mercer,Home,L,16,6,NA,16,6,22,48,31,39,13,9,6,3,9,44,20,38,19,4,6,14,16,15
2025-02-15,Marist,Jacksonville,Away,W,12,15,NA,12,5,17,39,19,19,17,3,15,7,22,50,32,39,12,8,15,17,12,7
2025-02-22,Marist,Binghamton,Home,L,10,9,NA,10,6,16,46,20,31,11,3,9,5,14,30,15,22,19,0,9,6,10,10
2025-02-28,Marist,Denver,Away,L,5,18,NA,5,4,9,37,19,23,12,6,18,13,31,38,24,31,13,4,18,6,5,14
2025-03-02,Marist,Air Force,Away,L,8,23,NA,8,3,11,38,20,24,14,4,23,12,35,50,32,36,11,10,23,9,8,12
2025-03-08,Marist,Iona,Away,W,12,7,NA,12,6,18,49,23,37,22,9,7,2,9,33,17,22,17,8,7,10,12,11
2025-03-15,Marist,Quinnipiac,Home,L,7,8,NA,7,6,13,50,28,35,14,9,8,6,14,35,19,26,19,7,8,11,7,21
2025-03-19,Marist,Delaware,Away,W,10,12,NA,10,4,14,33,21,21,20,8,12,7,19,52,24,35,19,10,12,12,10,11
2025-03-22,Marist,Mount St. Mary's,Away,L,13,12,NA,13,6,19,43,29,18,11,8,12,9,21,35,26,24,16,4,12,14,13,16
2025-03-26,Marist,Canisius,Home,W,14,10,NA,14,6,20,56,28,27,11,8,10,4,14,23,15,26,14,6,10,5,14,14
2025-03-29,Marist,Sacred Heart,Away,W,12,13,1,12,5,17,34,16,29,25,6,13,8,21,51,25,30,18,12,13,12,12,4
2025-04-12,Marist,Manhattan,Home,W,14,10,NA,14,5,19,43,32,37,10,4,10,3,13,34,20,27,10,2,10,10,14,18
2025-02-01,Marquette,Michigan,Away,W,1,14,NA,1,0,1,26,11,15,23,7,14,8,22,49,24,38,18,9,14,10,1,10
2025-02-08,Marquette,Detroit Mercy,Home,L,16,6,NA,16,10,26,49,29,28,15,6,6,1,7,26,16,18,17,7,6,10,16,13
2025-02-15,Marquette,Notre Dame,Away,L,9,22,NA,9,5,14,21,18,23,22,7,22,13,35,50,37,38,13,12,22,15,9,9
2025-02-22,Marquette,Cleveland St.,Home,L,15,7,NA,15,12,27,56,28,29,9,5,7,3,10,24,16,25,18,5,7,9,15,13
2025-03-01,Marquette,Harvard,Away,W,16,20,NA,16,10,26,46,30,43,21,8,20,12,32,42,27,42,15,14,20,7,16,14
2025-03-04,Marquette,Bellarmine,Home,W,19,11,NA,19,14,33,50,37,37,16,13,11,7,18,28,18,22,20,6,11,7,19,18
2025-03-15,Marquette,Utah,Away,L,12,11,1,12,6,18,48,29,27,13,2,11,6,17,43,27,23,7,6,11,16,12,17
2025-03-22,Marquette,"Air Force Chicago, IL",Away,L,9,8,NA,9,6,15,44,16,28,19,8,8,4,12,39,23,18,15,11,8,15,9,7
2025-03-29,Marquette,St. John's (NY),Home,L,13,8,NA,13,6,19,50,25,33,17,9,8,4,12,37,17,24,19,4,8,9,13,12
2025-04-05,Marquette,Georgetown,Home,W,9,10,2,9,5,14,36,19,18,10,7,10,7,17,53,27,34,13,6,10,17,9,10
2025-04-12,Marquette,Providence,Away,L,2,14,NA,2,1,3,20,6,20,22,4,14,8,22,53,30,39,10,8,14,16,2,4
2025-02-01,Maryland,Richmond,Home,L,12,7,NA,12,9,21,28,16,26,14,7,7,1,8,32,21,19,10,8,7,14,12,4
2025-02-08,Maryland,Loyola Maryland,Away,L,8,7,1,8,4,12,31,19,26,18,4,7,2,9,26,17,23,12,11,7,10,8,11
2025-02-15,Maryland,Syracuse,Home,L,11,7,NA,11,5,16,32,23,22,12,7,7,3,10,41,19,23,13,7,7,12,11,12
2025-02-22,Maryland,Princeton,Away,W,13,9,NA,13,4,17,42,26,34,11,2,9,4,13,46,21,29,6,6,9,12,13,13
2025-03-01,Maryland,"Notre Dame Atlanta, Georgia",Away,L,11,10,NA,11,7,18,29,20,19,13,9,10,7,17,43,27,37,17,8,10,17,11,9
2025-03-08,Maryland,Delaware,Home,L,14,3,NA,14,11,25,46,30,32,8,9,3,0,3,34,25,20,11,4,3,22,14,16
2025-03-15,Maryland,Virginia,Away,W,12,6,NA,12,5,17,30,19,22,20,3,6,2,8,36,19,32,9,10,6,13,12,7
2025-03-22,Maryland,Michigan,Home,L,10,11,3,10,10,20,40,22,37,20,11,11,3,14,35,21,28,18,7,11,10,10,12
2025-03-29,Maryland,Penn St.,Home,L,13,8,NA,13,11,24,25,19,27,16,12,8,5,13,33,18,22,16,7,8,10,13,6
2025-04-05,Maryland,Rutgers,Away,W,6,8,NA,6,5,11,40,20,31,12,8,8,4,12,28,15,17,17,6,8,7,6,14
2025-04-12,Maryland,Ohio St.,Away,W,13,8,NA,13,5,18,35,25,19,13,6,8,4,12,33,18,24,13,7,8,10,13,12
2025-02-08,Massachusetts,Army West Point,Home,W,9,16,NA,9,6,15,31,22,26,24,6,16,12,28,55,34,30,15,12,16,18,9,13
2025-02-14,Massachusetts,Quinnipiac,Home,L,19,5,NA,19,12,31,49,36,32,12,8,5,3,8,25,16,31,18,6,5,11,19,17
2025-02-18,Massachusetts,Dartmouth,Home,L,11,7,NA,11,7,18,37,22,30,14,9,7,6,13,49,17,35,17,6,7,10,11,11
2025-02-22,Massachusetts,NJIT,Home,L,12,4,NA,12,8,20,38,22,25,17,7,4,1,5,46,22,19,19,7,4,18,12,10
2025-03-01,Massachusetts,UAlbany,Away,W,10,9,NA,10,6,16,39,23,33,17,9,9,3,12,39,22,29,17,8,9,13,10,13
2025-03-08,Massachusetts,Vermont,Away,W,11,7,NA,11,6,17,33,15,21,13,13,7,3,10,30,15,26,20,7,7,8,11,4
2025-03-15,Massachusetts,Rutgers,Away,W,11,7,NA,11,5,16,40,25,22,12,6,7,4,11,35,20,32,17,8,7,13,11,14
2025-03-18,Massachusetts,UMass Lowell,Away,W,10,9,NA,10,3,13,40,23,22,11,7,9,2,11,37,18,23,17,6,9,9,10,13
2025-03-22,Massachusetts,Brown,Home,L,7,8,NA,7,5,12,28,20,28,18,6,8,4,12,35,24,32,16,11,8,16,7,13
2025-03-29,Massachusetts,Saint Joseph's,Away,L,11,10,NA,11,3,14,36,21,30,20,5,10,5,15,39,23,30,14,15,10,13,11,10
2025-04-05,Massachusetts,High Point,Home,W,9,14,NA,9,5,14,29,18,14,12,7,14,10,24,34,26,34,16,3,14,12,9,9
2025-04-12,Massachusetts,St. Bonaventure,Home,L,15,4,NA,15,9,24,39,23,31,13,4,4,4,8,26,17,22,18,3,4,13,15,8
2025-02-01,Mercer,Hampton,Away,W,23,3,NA,23,12,35,61,41,32,22,8,3,2,5,26,11,14,19,8,3,8,23,18
2025-02-08,Mercer,Marist,Away,L,6,16,NA,6,3,9,44,20,38,19,4,16,6,22,48,31,39,13,9,16,15,6,14
2025-02-15,Mercer,VMI,Home,L,11,14,NA,11,6,17,52,33,35,19,10,14,6,20,35,25,16,18,10,14,11,11,22
2025-02-22,Mercer,"Army West Point Naples, Florida",Away,L,4,17,NA,4,1,5,24,16,24,27,7,17,11,28,66,46,42,19,11,17,29,4,12
2025-03-01,Mercer,"Drexel Atlanta, Ga.",Away,L,6,21,NA,6,4,10,33,21,27,19,5,21,13,34,50,37,31,16,6,21,16,6,15
2025-03-06,Mercer,St. Bonaventure,Away,W,5,9,NA,5,1,6,30,16,25,22,7,9,1,10,34,17,26,21,13,9,8,5,11
2025-03-08,Mercer,Le Moyne,Away,L,7,10,NA,7,4,11,36,16,33,19,7,10,5,15,27,19,24,24,5,10,9,7,9
2025-03-15,Mercer,St. John's (NY),Away,W,16,20,NA,16,8,24,50,32,31,15,9,20,13,33,46,34,45,21,4,20,14,16,16
2025-03-29,Mercer,Queens (NC),Home,W,12,11,NA,12,8,20,45,29,23,8,6,11,5,16,40,27,29,15,5,11,16,12,17
2025-04-05,Mercer,Utah,Away,W,10,16,NA,10,7,17,39,25,28,21,5,16,9,25,60,35,50,15,14,16,19,10,15
2025-04-12,Mercer,Bellarmine,Away,W,14,17,NA,14,10,24,46,27,27,15,7,17,9,26,37,30,22,14,4,17,13,14,13
2025-02-01,Merrimack,Bucknell,Away,L,7,23,NA,7,6,13,34,18,34,27,10,23,19,42,56,34,43,22,13,23,11,7,11
2025-02-07,Merrimack,UMass Lowell,Away,L,9,14,NA,9,5,14,37,24,23,17,4,14,8,22,47,33,36,13,11,14,19,9,15
2025-02-15,Merrimack,Bryant,Home,W,4,19,NA,4,3,7,32,18,14,22,13,19,12,31,46,30,17,19,10,19,11,4,14
2025-02-25,Merrimack,Providence,Home,W,7,18,NA,7,3,10,27,16,21,18,5,18,13,31,48,32,30,10,11,18,14,7,9
2025-03-04,Merrimack,Holy Cross,Away,L,11,10,1,11,5,16,39,24,31,16,7,10,8,18,36,29,36,12,11,10,19,11,13
2025-03-08,Merrimack,Manhattan,Home,L,11,12,NA,11,3,14,30,19,22,15,9,12,7,19,29,26,32,13,7,12,14,11,8
2025-03-15,Merrimack,Canisius,Away,L,9,10,NA,9,8,17,25,12,23,21,8,10,6,16,42,22,31,22,9,10,12,9,3
2025-03-22,Merrimack,Sacred Heart,Home,W,8,13,NA,8,3,11,47,21,27,22,5,13,9,22,46,25,29,16,8,13,12,8,13
2025-03-26,Merrimack,Siena,Home,W,8,16,NA,8,7,15,36,24,28,15,5,16,13,29,45,36,38,12,9,16,20,8,16
2025-04-05,Merrimack,Iona,Away,W,19,6,NA,19,11,30,51,32,41,21,13,6,4,10,29,18,33,27,8,6,12,19,13
2025-04-12,Merrimack,Mount St. Mary's,Home,L,12,13,1,12,6,18,58,32,32,16,12,13,9,22,32,18,30,25,7,13,5,12,20
2025-02-01,Michigan,Marquette,Home,W,14,1,NA,14,8,22,49,24,38,18,9,1,0,1,26,11,15,23,7,1,10,14,10
2025-02-08,Michigan,North Carolina,Away,L,6,15,NA,6,5,11,35,18,27,20,10,15,8,23,43,22,35,19,13,15,7,6,12
2025-02-15,Michigan,Hobart,Away,W,15,9,NA,15,11,26,41,25,40,12,10,9,5,14,37,16,31,17,6,9,7,15,10
2025-02-22,Michigan,Duke,Away,W,7,8,1,7,5,12,30,21,22,18,4,8,3,11,36,18,30,16,9,8,10,7,14
2025-02-25,Michigan,Canisius,Home,L,16,2,NA,16,13,29,50,34,30,13,20,2,1,3,18,11,29,29,6,2,9,16,18
2025-03-04,Michigan,Cleveland St.,Home,L,19,5,NA,19,12,31,48,28,44,21,12,5,3,8,23,10,21,24,9,5,5,19,9
2025-03-08,Michigan,Harvard,Away,W,11,14,NA,11,5,16,32,23,33,22,11,14,10,24,45,26,41,19,14,14,12,11,12
2025-03-15,Michigan,Notre Dame,Home,W,7,19,NA,7,4,11,30,19,29,18,7,19,10,29,48,29,42,12,9,19,10,7,12
2025-03-22,Michigan,Maryland,Away,L,11,10,3,11,3,14,35,21,28,18,7,10,10,20,40,22,37,20,11,10,12,11,10
2025-03-29,Michigan,Johns Hopkins,Home,L,11,8,NA,11,6,17,35,21,27,14,10,8,3,11,38,20,25,17,7,8,12,11,10
2025-04-06,Michigan,Penn St.,Home,W,8,11,NA,8,5,13,28,17,24,14,10,11,7,18,38,19,29,12,7,11,8,8,9
2025-04-13,Michigan,Rutgers,Away,L,8,6,NA,8,4,12,37,22,22,16,10,6,3,9,37,13,39,25,9,6,7,8,14
2025-02-08,Monmouth,Manhattan,Home,L,7,9,NA,7,5,12,30,18,27,20,6,9,2,11,37,23,37,16,14,9,14,7,11
2025-02-14,Monmouth,Boston U.,Away,L,6,15,NA,6,3,9,21,14,23,21,5,15,12,27,49,30,32,15,12,15,15,6,8
2025-02-18,Monmouth,Saint Joseph's,Away,L,3,12,NA,3,1,4,28,18,19,20,6,12,5,17,41,28,33,18,13,12,16,3,15
2025-02-25,Monmouth,Wagner,Away,W,16,7,NA,16,8,24,45,29,29,14,9,7,1,8,26,16,21,15,4,7,9,16,13
2025-03-01,Monmouth,Mount St. Mary's,Away,L,11,10,NA,11,6,17,46,29,25,11,9,10,8,18,30,19,38,18,6,10,9,11,18
2025-03-05,Monmouth,NJIT,Home,L,18,4,NA,18,9,27,39,24,28,12,10,4,2,6,34,13,33,20,4,4,9,18,6
2025-03-08,Monmouth,VMI,Home,L,10,11,NA,10,5,15,37,27,36,16,9,11,7,18,35,20,24,19,6,11,9,10,17
2025-03-15,Monmouth,Drexel,Away,W,10,13,NA,10,4,14,41,24,30,14,11,13,8,21,34,24,35,20,6,13,11,10,14
2025-03-22,Monmouth,Hofstra,Home,W,9,15,NA,9,7,16,50,26,29,11,6,15,8,23,43,24,42,17,3,15,9,9,17
2025-03-29,Monmouth,Hampton,Away,W,24,4,NA,24,8,32,67,43,37,12,8,4,1,5,16,11,16,17,6,4,7,24,19
2025-04-05,Monmouth,Towson,Home,L,10,12,NA,10,4,14,40,17,19,12,7,12,8,20,47,23,33,19,7,12,11,10,7
2025-04-12,Monmouth,Stony Brook,Away,L,9,13,NA,9,5,14,28,17,20,16,3,13,8,21,52,30,41,13,6,13,17,9,8
2025-02-01,Mount St. Mary's,Queens (NC),Away,W,14,9,NA,14,8,22,47,25,20,18,6,9,7,16,49,20,22,13,8,9,11,14,11
2025-02-08,Mount St. Mary's,LIU,Home,L,12,15,NA,12,8,20,24,19,22,17,6,15,9,24,46,32,48,12,11,15,17,12,7
2025-02-11,Mount St. Mary's,St. Bonaventure,Home,L,8,9,1,8,6,14,34,17,35,18,11,9,7,16,40,22,48,25,10,9,13,8,9
2025-02-15,Mount St. Mary's,Wagner,Away,W,15,9,NA,15,7,22,36,23,18,14,8,9,5,14,36,23,30,12,11,9,14,15,8
2025-02-19,Mount St. Mary's,UMBC,Away,L,6,12,NA,6,2,8,31,16,14,10,6,12,4,16,41,23,23,15,6,12,11,6,10
2025-03-01,Mount St. Mary's,Monmouth,Home,L,10,11,NA,10,8,18,30,19,38,18,6,11,6,17,46,29,25,11,9,11,18,10,9
2025-03-08,Mount St. Mary's,Quinnipiac,Home,L,10,21,NA,10,8,18,25,15,21,26,4,21,10,31,48,34,33,14,12,21,13,10,5
2025-03-15,Mount St. Mary's,Manhattan,Away,W,11,13,NA,11,8,19,27,23,25,19,5,13,9,22,40,29,34,10,13,13,16,11,12
2025-03-22,Mount St. Mary's,Marist,Home,L,12,13,NA,12,9,21,35,26,24,16,4,13,6,19,43,29,18,11,8,13,16,12,14
2025-03-29,Mount St. Mary's,Siena,Away,L,8,12,NA,8,5,13,30,16,25,13,4,12,8,20,43,27,31,11,3,12,15,8,8
2025-04-05,Mount St. Mary's,Canisius,Home,W,6,12,NA,6,3,9,29,14,17,18,6,12,6,18,45,21,22,18,8,12,9,6,8
2025-04-12,Mount St. Mary's,Merrimack,Away,L,13,12,1,13,9,22,32,18,30,25,7,12,6,18,58,32,32,16,12,12,20,13,5
2025-02-08,NJIT,St. John's (NY),Home,L,14,15,NA,14,8,22,48,28,31,19,4,15,14,29,36,23,27,17,7,15,8,14,14
2025-02-22,NJIT,Massachusetts,Away,L,4,12,NA,4,1,5,46,22,19,19,7,12,8,20,38,22,25,17,7,12,10,4,18
2025-02-26,NJIT,Drexel,Home,W,5,17,NA,5,4,9,32,16,22,23,5,17,9,26,43,28,31,17,10,17,11,5,11
2025-03-05,NJIT,Monmouth,Away,L,4,18,NA,4,2,6,34,13,33,20,4,18,9,27,39,24,28,12,10,18,6,4,9
2025-03-08,NJIT,Wagner,Home,W,12,11,NA,12,7,19,50,28,31,15,7,11,5,16,33,21,21,18,4,11,10,12,16
2025-03-11,NJIT,Lafayette,Away,L,4,14,NA,4,3,7,33,13,23,18,6,14,10,24,38,24,32,20,4,14,10,4,9
2025-03-22,NJIT,Binghamton,Away,W,4,9,NA,4,1,5,20,9,24,32,18,9,6,15,46,24,36,24,13,9,15,4,5
2025-03-29,NJIT,Vermont,Home,W,8,19,NA,8,5,13,48,21,30,18,10,19,16,35,49,28,36,17,11,19,9,8,13
2025-04-05,NJIT,Bryant,Home,W,6,15,NA,6,3,9,29,16,24,21,9,15,9,24,56,30,41,13,16,15,15,6,10
2025-04-12,NJIT,UMass Lowell,Away,L,8,10,NA,8,2,10,35,20,18,15,4,10,6,16,43,25,31,12,4,10,15,8,12
2025-02-01,Navy,High Point,Away,L,14,10,NA,14,8,22,36,21,39,18,13,10,5,15,32,22,37,17,11,10,12,14,7
2025-02-08,Navy,Iona,Home,L,22,9,NA,22,14,36,66,37,41,15,5,9,4,13,32,19,24,15,2,9,10,22,15
2025-02-16,Navy,Towson,Home,W,14,10,NA,14,6,20,42,23,37,17,5,10,6,16,46,23,25,15,5,10,13,14,9
2025-02-22,Navy,Penn St.,Away,L,7,13,NA,7,2,9,26,13,21,19,2,13,7,20,54,33,37,11,15,13,20,7,6
2025-03-01,Navy,Boston U.,Home,L,13,9,NA,13,9,22,43,29,40,14,11,9,6,15,41,16,43,22,5,9,7,13,16
2025-03-07,Navy,Lehigh,Home,W,8,13,NA,8,8,16,31,18,11,11,4,13,7,20,51,22,38,17,2,13,9,8,10
2025-03-15,Navy,Johns Hopkins,Home,W,9,12,NA,9,4,13,34,23,19,7,4,12,7,19,48,20,30,15,2,12,8,9,14
2025-03-18,Navy,Le Moyne,Home,W,8,5,NA,8,5,13,38,25,38,12,10,5,5,10,21,9,21,21,4,5,4,8,17
2025-03-22,Navy,Holy Cross,Away,L,9,8,1,9,5,14,43,29,30,16,7,8,5,13,29,18,24,15,5,8,10,9,20
2025-03-29,Navy,Colgate,Away,L,9,14,NA,9,4,13,37,19,16,19,6,14,10,24,53,33,33,9,9,14,19,9,10
2025-04-04,Navy,Lafayette,Home,L,14,8,NA,14,11,25,36,22,32,17,6,8,2,10,50,25,40,13,9,8,17,14,8
2025-04-12,Navy,Army West Point,Home,L,11,12,1,11,9,20,29,17,29,25,7,12,5,17,52,27,41,18,12,12,15,11,6
2025-02-08,North Carolina,Michigan,Home,L,15,6,NA,15,8,23,43,22,35,19,13,6,5,11,35,18,27,20,10,6,12,15,7
2025-02-14,North Carolina,Stony Brook,Home,W,9,4,NA,9,5,14,41,26,33,16,11,4,2,6,19,15,22,19,3,4,11,9,17
2025-02-22,North Carolina,Johns Hopkins,Away,L,13,12,NA,13,7,20,40,23,29,12,4,12,7,19,36,19,31,12,3,12,7,13,10
2025-02-28,North Carolina,Penn,Home,L,16,8,NA,16,11,27,40,26,43,21,10,8,6,14,37,18,24,17,7,8,10,16,10
2025-03-02,North Carolina,Princeton,Home,L,12,14,NA,12,3,15,47,23,39,15,4,14,7,21,44,27,32,6,6,14,13,12,11
2025-03-08,North Carolina,Hofstra,Home,L,18,7,NA,18,12,30,48,29,43,19,9,7,2,9,31,18,23,16,4,7,11,18,11
2025-03-16,North Carolina,Jacksonville,Home,L,20,7,NA,20,12,32,53,30,39,14,7,7,3,10,26,19,21,16,6,7,12,20,10
2025-03-21,North Carolina,High Point,Away,W,14,2,NA,14,5,19,49,30,32,12,14,2,1,3,25,13,24,19,5,2,11,14,16
2025-03-29,North Carolina,Army West Point,Away,W,12,13,NA,12,4,16,36,22,36,17,8,13,10,23,38,21,29,15,7,13,8,12,10
2025-04-05,North Carolina,Virginia,Home,L,18,9,NA,18,7,25,51,26,36,12,5,9,3,12,32,18,31,14,7,9,9,18,8
2025-04-12,North Carolina,Duke,Away,L,8,7,NA,8,4,12,36,20,30,18,3,7,3,10,36,19,27,14,11,7,12,8,12
2025-02-12,Notre Dame,Cleveland St.,Home,L,24,6,NA,24,19,43,51,33,40,9,7,6,2,8,26,18,25,16,3,6,12,24,9
2025-02-15,Notre Dame,Marquette,Home,L,22,9,NA,22,13,35,50,37,38,13,12,9,5,14,21,18,23,22,7,9,9,22,15
2025-02-22,Notre Dame,Georgetown,Away,W,11,9,NA,11,2,13,36,16,27,20,5,9,4,13,43,25,40,11,12,9,16,11,5
2025-03-01,Notre Dame,"Maryland Atlanta, Georgia",Away,W,10,11,NA,10,7,17,43,27,37,17,8,11,7,18,29,20,19,13,9,11,9,10,17
2025-03-08,Notre Dame,Ohio St.,Home,W,9,10,NA,9,4,13,34,22,30,16,9,10,4,14,44,30,22,14,10,10,20,9,13
2025-03-15,Notre Dame,Michigan,Away,W,19,7,NA,19,10,29,48,29,42,12,9,7,4,11,30,19,29,18,7,7,12,19,10
2025-03-29,Notre Dame,Duke,Home,L,14,7,NA,14,10,24,38,25,27,12,5,7,4,11,32,17,23,11,7,7,10,14,11
2025-04-05,Notre Dame,Syracuse,Away,L,9,14,NA,9,7,16,33,19,25,16,6,14,9,23,43,25,32,16,7,14,11,9,10
2025-04-12,Notre Dame,Virginia,Home,L,12,7,NA,12,5,17,44,21,34,11,10,7,3,10,33,20,28,18,7,7,13,12,9
2025-02-01,Ohio St.,Utah,Home,L,13,19,NA,13,9,22,39,25,31,14,10,19,8,27,43,34,44,17,9,19,15,13,12
2025-02-04,Ohio St.,Detroit Mercy,Home,L,14,4,NA,14,5,19,53,30,45,19,13,4,2,6,28,15,27,23,11,4,11,14,16
2025-02-08,Ohio St.,Cleveland St.,Home,L,14,4,NA,14,9,23,47,27,41,23,15,4,1,5,30,12,32,27,15,4,8,14,13
2025-02-11,Ohio St.,Bellarmine,Home,L,16,4,NA,16,10,26,58,31,45,19,18,4,1,5,18,11,26,24,9,4,7,16,15
2025-02-15,Ohio St.,Air Force,Home,W,17,11,NA,17,13,30,36,27,30,14,7,11,8,19,33,21,28,17,8,11,10,17,10
2025-02-22,Ohio St.,Virginia,Home,L,14,5,NA,14,7,21,38,21,38,14,9,5,4,9,39,17,34,21,4,5,12,14,7
2025-03-01,Ohio St.,Bryant,Home,W,7,5,NA,7,5,12,37,22,29,22,11,5,1,6,32,12,35,25,13,5,7,7,15
2025-03-08,Ohio St.,Notre Dame,Away,W,10,9,NA,10,4,14,44,30,22,14,10,9,4,13,34,22,30,16,9,9,13,10,20
2025-03-16,Ohio St.,Denver,Away,L,15,11,NA,15,8,23,35,25,30,16,9,11,6,17,34,22,39,16,10,11,11,15,10
2025-03-23,Ohio St.,Penn St.,Away,W,13,9,NA,13,7,20,29,20,35,22,10,9,6,15,40,26,36,15,15,9,17,13,7
2025-03-29,Ohio St.,Rutgers,Home,W,13,11,NA,13,7,20,40,19,39,21,10,11,4,15,47,30,46,22,11,11,19,13,6
2025-04-05,Ohio St.,Johns Hopkins,Away,L,14,10,NA,14,9,23,30,19,21,14,3,10,6,16,38,25,30,14,8,10,15,14,5
2025-04-12,Ohio St.,Maryland,Home,W,8,13,NA,8,4,12,33,18,24,13,7,13,5,18,35,25,19,13,6,13,12,8,10
2025-02-15,Penn,Georgetown,Away,W,6,8,NA,6,4,10,25,14,14,14,2,8,4,12,41,21,25,14,5,8,13,6,8
2025-02-18,Penn,UAlbany,Home,L,14,8,NA,14,12,26,34,21,27,15,8,8,4,12,26,16,23,18,4,8,8,14,7
2025-02-22,Penn,Delaware,Away,W,10,2,NA,10,5,15,35,22,17,15,8,2,1,3,29,16,28,17,7,2,14,10,12
2025-02-28,Penn,North Carolina,Away,L,8,16,NA,8,6,14,37,18,24,17,7,16,11,27,40,26,43,21,10,16,10,8,10
2025-03-02,Penn,Duke,Away,L,6,11,NA,6,4,10,35,15,16,18,2,11,8,19,42,24,30,9,10,11,13,6,9
2025-03-08,Penn,Villanova,Home,L,11,8,NA,11,7,18,31,20,21,17,7,8,4,12,36,22,36,21,9,8,14,11,9
2025-03-15,Penn,Brown,Home,W,9,8,NA,9,5,14,31,18,21,13,11,8,3,11,38,23,22,14,6,8,15,9,9
2025-03-18,Penn,Saint Joseph's,Home,L,10,11,NA,10,8,18,33,15,20,21,9,11,6,17,27,23,24,17,9,11,12,10,5
2025-03-22,Penn,Dartmouth,Home,L,8,9,1,8,5,13,37,22,21,17,5,9,2,11,31,17,31,14,7,9,8,8,14
2025-03-29,Penn,Cornell,Away,L,5,15,NA,5,3,8,37,17,24,15,7,15,12,27,38,23,26,14,5,15,8,5,12
2025-04-05,Penn,Yale,Home,L,11,14,NA,11,7,18,45,24,25,14,7,14,5,19,37,25,22,12,6,14,11,11,13
2025-04-12,Penn,Harvard,Away,L,6,13,NA,6,4,10,26,13,29,24,6,13,6,19,46,26,45,15,13,13,13,6,7
2025-02-01,Penn St.,Colgate,Home,L,14,9,NA,14,13,27,45,26,37,18,15,9,3,12,34,23,21,17,7,9,14,14,12
2025-02-09,Penn St.,Villanova,Away,W,15,5,NA,15,6,21,34,20,27,19,9,5,3,8,34,15,25,20,14,5,10,15,5
2025-02-15,Penn St.,Princeton,Home,L,10,11,1,10,5,15,43,32,26,13,10,11,7,18,32,22,12,20,6,11,11,10,22
2025-02-22,Penn St.,Navy,Home,L,13,7,NA,13,7,20,54,33,37,11,15,7,2,9,26,13,21,19,2,7,6,13,20
2025-03-01,Penn St.,Yale,Away,W,15,9,NA,15,11,26,42,27,32,13,7,9,4,13,48,27,23,11,6,9,18,15,12
2025-03-08,Penn St.,Cornell,Away,L,13,12,1,13,8,21,44,22,32,12,5,12,6,18,37,16,30,14,8,12,4,13,9
2025-03-12,Penn St.,Robert Morris,Home,L,22,8,NA,22,15,37,49,34,42,17,10,8,7,15,28,19,34,19,8,8,11,22,12
2025-03-23,Penn St.,Ohio St.,Home,W,9,13,NA,9,6,15,40,26,36,15,15,13,7,20,29,20,35,22,10,13,7,9,17
2025-03-29,Penn St.,Maryland,Away,L,8,13,NA,8,5,13,33,18,22,16,7,13,11,24,25,19,27,16,12,13,6,8,10
2025-04-06,Penn St.,Michigan,Away,W,11,8,NA,11,7,18,38,19,29,12,7,8,5,13,28,17,24,14,10,8,9,11,8
2025-04-12,Penn St.,Johns Hopkins,Home,L,10,4,NA,10,8,18,50,22,34,10,11,4,0,4,30,11,25,17,8,4,7,10,12
2025-02-15,Princeton,Penn St.,Away,L,11,10,1,11,7,18,32,22,12,20,6,10,5,15,43,32,26,13,10,10,22,11,11
2025-02-22,Princeton,Maryland,Home,W,9,13,NA,9,4,13,46,21,29,6,6,13,4,17,42,26,34,11,2,13,13,9,12
2025-02-28,Princeton,Duke,Away,L,15,14,NA,15,8,23,39,26,34,15,7,14,10,24,34,20,29,15,6,14,6,15,11
2025-03-02,Princeton,North Carolina,Away,L,14,12,NA,14,7,21,44,27,32,6,6,12,3,15,47,23,39,15,4,12,11,14,13
2025-03-08,Princeton,Rutgers,Home,L,11,5,NA,11,6,17,38,21,24,19,7,5,2,7,53,29,33,11,9,5,24,11,10
2025-03-15,Princeton,Cornell,Away,W,10,15,NA,10,5,15,35,22,24,11,3,15,10,25,51,29,29,11,5,15,14,10,12
2025-03-22,Princeton,Harvard,Home,W,13,11,NA,13,6,19,45,25,42,20,9,11,6,17,50,28,32,14,12,11,17,13,12
2025-03-29,Princeton,Dartmouth,Away,W,11,8,NA,11,5,16,60,32,37,6,12,8,4,12,34,21,29,18,3,8,13,11,21
2025-04-01,Princeton,Lehigh,Home,W,17,12,NA,17,11,28,58,31,50,17,8,12,7,19,44,26,35,17,6,12,14,17,14
2025-04-05,Princeton,Vermont,Home,L,10,5,NA,10,7,17,49,30,36,12,7,5,5,10,29,16,34,15,6,5,11,10,20
2025-04-12,Princeton,Brown,Home,L,17,7,NA,17,10,27,53,31,40,14,13,7,3,10,37,25,33,14,8,7,18,17,14
2025-02-01,Providence,Holy Cross,Home,L,15,8,NA,15,12,27,50,37,38,16,4,8,4,12,28,19,24,20,7,8,11,15,22
2025-02-08,Providence,Bryant,Away,L,15,12,NA,15,11,26,35,27,31,14,10,12,7,19,45,27,39,12,9,12,15,15,12
2025-02-15,Providence,Harvard,Home,L,10,12,NA,10,7,17,43,23,31,21,2,12,7,19,35,24,26,14,7,12,12,10,13
2025-02-22,Providence,Brown,Away,W,6,7,NA,6,5,11,33,25,21,10,2,7,5,12,36,22,16,13,4,7,15,6,19
2025-02-25,Providence,Merrimack,Away,W,18,7,NA,18,13,31,48,32,30,10,11,7,3,10,27,16,21,18,5,7,9,18,14
2025-03-01,Providence,Fairfield,Away,L,7,15,NA,7,5,12,30,22,27,21,7,15,9,24,47,32,34,13,13,15,17,7,15
2025-03-08,Providence,Loyola Maryland,Home,W,12,11,NA,12,5,17,43,27,29,14,7,11,7,18,36,20,28,16,7,11,9,12,15
2025-03-12,Providence,Duke,Away,W,10,16,NA,10,4,14,27,19,23,19,3,16,10,26,44,28,38,17,10,16,12,10,9
2025-03-22,Providence,Saint Joseph's,Away,L,8,16,NA,8,6,14,30,18,25,19,4,16,9,25,44,26,31,13,11,16,10,8,10
2025-03-29,Providence,Georgetown,Away,W,13,14,NA,13,10,23,35,23,26,17,7,14,12,26,38,29,36,17,11,14,15,13,10
2025-04-05,Providence,Villanova,Home,W,8,11,NA,8,5,13,33,18,25,23,8,11,5,16,41,22,32,18,15,11,11,8,10
2025-04-12,Providence,Marquette,Home,L,14,2,NA,14,8,22,53,30,39,10,8,2,1,3,20,6,20,22,4,2,4,14,16
2025-02-01,Queens (NC),Mount St. Mary's,Home,W,9,14,NA,9,7,16,49,20,22,13,8,14,8,22,47,25,20,18,6,14,11,9,11
2025-02-07,Queens (NC),Holy Cross,Home,L,12,13,NA,12,6,18,29,13,24,20,10,13,4,17,56,25,26,14,10,13,12,12,1
2025-02-16,Queens (NC),Stony Brook,Home,W,6,12,NA,6,5,11,37,19,28,17,7,12,4,16,50,23,29,17,8,12,11,6,13
2025-02-22,Queens (NC),Mercyhurst,Away,L,9,8,NA,9,4,13,37,19,21,12,3,8,2,10,46,20,26,10,7,8,12,9,10
2025-03-02,Queens (NC),"UMass Lowell Towson, Md.",Away,L,12,11,1,12,5,17,49,29,41,17,9,11,6,17,34,18,34,22,5,11,7,12,17
2025-03-04,Queens (NC),VMI,Away,L,7,20,NA,7,2,9,37,20,24,21,5,20,10,30,47,32,26,12,10,20,12,7,13
2025-03-08,Queens (NC),LIU,Home,W,9,13,NA,9,4,13,37,21,23,14,7,13,4,17,39,29,24,14,7,13,16,9,12
2025-03-11,Queens (NC),High Point,Away,L,7,18,NA,7,3,10,29,15,26,16,9,18,10,28,46,28,41,14,9,18,10,7,8
2025-03-18,Queens (NC),Hampton,Away,W,15,8,NA,15,6,21,54,31,45,11,12,8,3,11,29,21,28,21,5,8,13,15,16
2025-03-29,Queens (NC),Mercer,Away,W,11,12,NA,11,5,16,40,27,29,15,5,12,8,20,45,29,23,8,6,12,17,11,16
2025-04-05,Queens (NC),Jacksonville,Home,W,6,11,NA,6,3,9,33,15,28,18,8,11,10,21,42,22,33,20,7,11,11,6,9
2025-04-12,Queens (NC),Air Force,Away,W,7,8,NA,7,5,12,28,12,27,22,5,8,4,12,30,21,29,14,14,8,13,7,5
2025-02-14,Quinnipiac,Massachusetts,Away,L,5,19,NA,5,3,8,25,16,31,18,6,19,12,31,49,36,32,12,8,19,17,5,11
2025-02-18,Quinnipiac,St. John's (NY),Away,L,9,15,NA,9,4,13,31,17,25,17,6,15,8,23,47,31,38,18,8,15,16,9,8
2025-02-22,Quinnipiac,Bryant,Home,L,10,18,NA,10,1,11,34,20,25,21,9,18,12,30,48,33,33,18,11,18,15,10,10
2025-02-28,Quinnipiac,Air Force,Away,L,8,21,NA,8,5,13,32,18,19,17,3,21,17,38,50,31,36,10,9,21,10,8,10
2025-03-02,Quinnipiac,Denver,Away,L,7,14,NA,7,5,12,27,14,23,16,9,14,10,24,48,26,33,14,8,14,12,7,7
2025-03-08,Quinnipiac,Mount St. Mary's,Away,L,21,10,NA,21,10,31,48,34,33,14,12,10,8,18,25,15,21,26,4,10,5,21,13
2025-03-15,Quinnipiac,Marist,Away,L,8,7,NA,8,6,14,35,19,26,19,7,7,6,13,50,28,35,14,9,7,21,8,11
2025-03-22,Quinnipiac,Canisius,Home,W,9,10,NA,9,7,16,29,14,20,11,11,10,8,18,29,21,23,14,5,10,11,9,5
2025-03-26,Quinnipiac,Manhattan,Away,W,6,7,NA,6,4,10,32,16,26,20,8,7,4,11,33,19,29,15,13,7,12,6,10
2025-03-29,Quinnipiac,Iona,Home,W,8,12,NA,8,6,14,49,26,32,16,13,12,10,22,33,17,29,20,9,12,5,8,18
2025-04-05,Quinnipiac,Sacred Heart,Home,W,7,12,NA,7,5,12,37,19,30,16,9,12,8,20,49,30,33,11,7,12,18,7,12
2025-04-12,Quinnipiac,Siena,Away,L,7,17,NA,7,6,13,30,16,48,23,11,17,11,28,50,31,45,17,14,17,14,7,9
2025-02-01,Richmond,Maryland,Away,L,7,12,NA,7,1,8,32,21,19,10,8,12,9,21,28,16,26,14,7,12,4,7,14
2025-02-08,Richmond,Robert Morris,Home,L,17,2,NA,17,10,27,47,30,33,20,15,2,0,2,24,13,36,27,10,2,11,17,13
2025-02-15,Richmond,Virginia,Away,L,13,10,NA,13,10,23,45,26,37,19,11,10,5,15,35,24,35,19,7,10,14,13,13
2025-02-22,Richmond,Lehigh,Away,L,9,8,NA,9,6,15,39,25,30,11,7,8,4,12,32,21,34,17,6,8,13,9,16
2025-03-02,Richmond,Cornell,Home,L,11,12,NA,11,7,18,40,27,30,13,12,12,5,17,37,25,33,19,5,12,13,11,16
2025-03-04,Richmond,Mercyhurst,Home,L,23,3,NA,23,13,36,56,37,45,13,12,3,1,4,19,5,17,21,3,3,2,23,14
2025-03-08,Richmond,UMBC,Home,L,14,8,NA,14,9,23,43,22,30,17,9,8,5,13,25,13,25,25,5,8,5,14,8
2025-03-15,Richmond,Duke,Home,L,12,13,2,12,5,17,46,26,30,15,8,13,7,20,35,23,25,13,5,13,10,12,14
2025-03-22,Richmond,Georgetown,Away,L,13,12,NA,13,8,21,38,21,41,12,11,12,9,21,36,20,31,18,9,12,8,13,8
2025-03-29,Richmond,St. Bonaventure,Home,L,22,5,NA,22,13,35,68,33,40,12,17,5,4,9,21,13,28,25,3,5,8,22,11
2025-04-05,Richmond,Hobart,Away,W,15,7,NA,15,10,25,47,25,37,13,12,7,5,12,29,15,23,21,5,7,8,15,10
2025-04-12,Richmond,High Point,Home,L,11,6,NA,11,5,16,43,27,26,7,13,6,1,7,25,13,26,20,3,6,7,11,16
2025-02-08,Robert Morris,Richmond,Away,L,2,17,NA,2,0,2,24,13,36,27,10,17,10,27,47,30,33,20,15,17,13,2,11
2025-02-15,Robert Morris,High Point,Away,W,11,17,NA,11,6,17,38,23,36,16,6,17,12,29,43,27,39,15,9,17,10,11,12
2025-02-18,Robert Morris,St. Bonaventure,Home,W,8,7,NA,8,5,13,35,19,27,18,5,7,3,10,41,20,26,17,4,7,13,8,11
2025-02-22,Robert Morris,Canisius,Home,W,9,7,NA,9,5,14,39,24,40,12,13,7,3,10,32,20,24,18,3,7,13,9,15
2025-03-01,Robert Morris,Hobart,Home,L,17,7,NA,17,15,32,36,29,52,20,14,7,4,11,52,30,31,19,11,7,23,17,12
2025-03-08,Robert Morris,Bellarmine,Away,W,10,13,NA,10,6,16,44,22,23,17,2,13,7,20,36,24,23,19,7,13,11,10,12
2025-03-12,Robert Morris,Penn St.,Away,L,8,22,NA,8,7,15,28,19,34,19,8,22,15,37,49,34,42,17,10,22,12,8,11
2025-03-15,Robert Morris,Detroit Mercy,Away,W,19,4,NA,19,15,34,45,34,31,10,8,4,2,6,32,21,21,14,6,4,17,19,15
2025-03-22,Robert Morris,Wagner,Home,L,15,8,NA,15,11,26,41,28,36,15,7,8,7,15,25,14,25,20,7,8,6,15,13
2025-03-29,Robert Morris,Mercyhurst,Home,L,17,8,NA,17,12,29,49,36,49,14,14,8,5,13,31,15,23,17,9,8,7,17,19
2025-04-05,Robert Morris,LIU,Away,W,13,9,NA,13,11,24,37,21,27,19,6,9,5,14,41,26,24,15,5,9,17,13,8
2025-04-12,Robert Morris,VMI,Home,L,15,9,NA,15,10,25,50,30,40,12,6,9,5,14,30,20,20,13,7,9,11,15,15
2025-02-01,Rutgers,Lehigh,Away,W,10,6,NA,10,4,14,44,22,31,16,9,6,2,8,30,17,34,22,8,6,11,10,12
2025-02-04,Rutgers,LIU,Home,L,17,3,NA,17,11,28,48,26,38,13,10,3,1,4,30,14,28,17,5,3,11,17,9
2025-02-08,Rutgers,Stony Brook,Home,L,8,9,NA,8,5,13,30,21,26,17,9,9,3,12,43,21,33,16,6,9,12,8,13
2025-02-15,Rutgers,Army West Point,Away,W,3,9,NA,3,2,5,33,14,20,20,7,9,8,17,47,25,27,16,8,9,16,3,11
2025-02-22,Rutgers,Loyola Maryland,Home,L,10,5,NA,10,7,17,47,29,39,12,6,5,4,9,29,18,22,14,2,5,13,10,19
2025-03-01,Rutgers,Saint Joseph's,Home,W,5,11,NA,5,4,9,37,20,33,24,11,11,5,16,38,26,37,21,16,11,15,5,15
2025-03-08,Rutgers,Princeton,Away,L,5,11,NA,5,2,7,53,29,33,11,9,11,6,17,38,21,24,19,7,11,10,5,24
2025-03-11,Rutgers,St. John's (NY),Home,W,21,11,NA,21,15,36,48,34,45,12,10,11,4,15,33,24,22,16,3,11,13,21,13
2025-03-15,Rutgers,Massachusetts,Home,W,7,11,NA,7,4,11,35,20,32,17,8,11,5,16,40,25,22,12,6,11,14,7,13
2025-03-22,Rutgers,Johns Hopkins,Away,W,11,8,NA,11,7,18,31,20,25,12,4,8,5,13,34,18,27,15,5,8,10,11,9
2025-03-29,Rutgers,Ohio St.,Away,W,11,13,NA,11,4,15,47,30,46,22,11,13,7,20,40,19,39,21,10,13,6,11,19
2025-04-05,Rutgers,Maryland,Home,W,8,6,NA,8,4,12,28,15,17,17,6,6,5,11,40,20,31,12,8,6,14,8,7
2025-04-13,Rutgers,Michigan,Home,L,6,8,NA,6,3,9,37,13,39,25,9,8,4,12,37,22,22,16,10,8,14,6,7
2025-02-08,Sacred Heart,Saint Joseph's,Away,L,12,11,NA,12,9,21,34,19,33,20,9,11,5,16,44,26,29,14,11,11,15,12,7
2025-02-15,Sacred Heart,Holy Cross,Home,L,11,7,NA,11,7,18,32,22,31,25,6,7,3,10,30,17,26,21,6,7,10,11,11
2025-02-19,Sacred Heart,Fairfield,Away,W,12,13,2,12,7,19,43,20,37,24,13,13,6,19,55,27,33,14,13,13,14,12,8
2025-02-22,Sacred Heart,Stony Brook,Away,L,7,6,1,7,2,9,31,15,21,18,7,6,4,10,46,20,35,17,8,6,14,7,8
2025-03-01,Sacred Heart,Wagner,Home,L,20,6,NA,20,12,32,63,36,37,12,15,6,1,7,32,18,28,23,5,6,12,20,16
2025-03-08,Sacred Heart,Canisius,Away,L,8,10,NA,8,5,13,35,17,28,20,7,10,6,16,36,20,34,16,10,10,10,8,9
2025-03-15,Sacred Heart,Siena,Home,W,11,10,1,11,5,16,52,23,36,13,10,10,5,15,36,22,25,17,6,10,12,11,12
2025-03-22,Sacred Heart,Merrimack,Away,W,13,8,NA,13,9,22,46,25,29,16,8,8,3,11,47,21,27,22,5,8,13,13,12
2025-03-26,Sacred Heart,Iona,Away,L,16,1,NA,16,8,24,56,31,50,21,12,1,1,2,28,9,23,22,9,1,8,16,15
2025-03-29,Sacred Heart,Marist,Home,W,13,12,1,13,8,21,51,25,30,18,12,12,5,17,34,16,29,25,6,12,4,13,12
2025-04-05,Sacred Heart,Quinnipiac,Away,W,12,7,NA,12,8,20,49,30,33,11,7,7,5,12,37,19,30,16,9,7,12,12,18
2025-02-08,Saint Joseph's,Sacred Heart,Home,L,11,12,NA,11,5,16,44,26,29,14,11,12,9,21,34,19,33,20,9,12,7,11,15
2025-02-15,Saint Joseph's,Duke,Away,L,9,11,NA,9,5,14,25,20,29,22,9,11,7,18,32,16,34,18,13,11,5,9,11
2025-02-18,Saint Joseph's,Monmouth,Home,L,12,3,NA,12,5,17,41,28,33,18,13,3,1,4,28,18,19,20,6,3,15,12,16
2025-02-22,Saint Joseph's,Towson,Away,W,11,6,NA,11,5,16,31,16,30,15,4,6,3,9,50,23,32,13,7,6,17,11,5
2025-03-01,Saint Joseph's,Rutgers,Away,W,11,5,NA,11,5,16,38,26,37,21,16,5,4,9,37,20,33,24,11,5,15,11,15
2025-03-09,Saint Joseph's,Drexel,Away,L,17,11,NA,17,12,29,48,25,42,18,11,11,5,16,36,24,29,18,8,11,13,17,8
2025-03-15,Saint Joseph's,Villanova,Home,L,12,8,NA,12,10,22,38,21,35,16,14,8,5,13,41,26,31,21,9,8,18,12,9
2025-03-18,Saint Joseph's,Penn,Away,L,11,10,NA,11,6,17,27,23,24,17,9,10,8,18,33,15,20,21,9,10,5,11,12
2025-03-22,Saint Joseph's,Providence,Home,L,16,8,NA,16,9,25,44,26,31,13,11,8,6,14,30,18,25,19,4,8,10,16,10
2025-03-29,Saint Joseph's,Massachusetts,Home,L,10,11,NA,10,5,15,39,23,30,14,15,11,3,14,36,21,30,20,5,11,10,10,13
2025-04-05,Saint Joseph's,St. Bonaventure,Away,W,15,3,NA,15,11,26,51,33,33,17,6,3,0,3,28,15,20,16,9,3,12,15,18
2025-04-12,Saint Joseph's,Hobart,Home,L,15,7,NA,15,8,23,36,27,33,15,14,7,4,11,34,10,26,30,3,7,3,15,12
2025-02-08,Siena,Boston U.,Home,L,7,9,NA,7,5,12,38,19,30,25,14,9,5,14,43,23,32,23,13,9,14,7,12
2025-02-14,Siena,Hofstra,Away,L,17,11,NA,17,11,28,41,29,38,16,7,11,10,21,48,26,30,16,2,11,15,17,12
2025-02-22,Siena,LIU,Away,W,12,13,NA,12,10,22,40,27,26,17,7,13,9,22,33,26,18,10,7,13,13,12,15
2025-03-03,Siena,Dartmouth,Away,W,13,16,NA,13,9,22,46,23,40,21,8,16,9,25,41,32,47,16,14,16,16,13,10
2025-03-05,Siena,Binghamton,Away,W,10,6,NA,10,3,13,43,25,26,15,8,6,2,8,39,17,17,14,6,6,11,10,15
2025-03-15,Siena,Sacred Heart,Away,W,10,11,1,10,5,15,36,22,25,17,6,11,5,16,52,23,36,13,10,11,12,10,12
2025-03-22,Siena,Iona,Home,W,18,12,NA,18,11,29,58,29,49,20,11,12,7,19,21,19,30,17,11,12,7,18,11
2025-03-26,Siena,Merrimack,Away,W,16,8,NA,16,13,29,45,36,38,12,9,8,7,15,36,24,28,15,5,8,16,16,20
2025-03-29,Siena,Mount St. Mary's,Home,L,12,8,NA,12,8,20,43,27,31,11,3,8,5,13,30,16,25,13,4,8,8,12,15
2025-04-05,Siena,Manhattan,Away,W,12,8,NA,12,10,22,44,22,31,15,11,8,6,14,31,20,24,17,7,8,12,12,10
2025-04-12,Siena,Quinnipiac,Home,L,17,7,NA,17,11,28,50,31,45,17,14,7,6,13,30,16,48,23,11,7,9,17,14
2025-02-02,St. Bonaventure,VMI,Home,W,7,18,NA,7,4,11,33,20,24,21,4,18,11,29,54,30,32,12,8,18,12,7,13
2025-02-08,St. Bonaventure,Bucknell,Home,W,8,21,NA,8,5,13,33,20,24,21,5,21,9,30,59,38,33,10,12,21,17,8,12
2025-02-11,St. Bonaventure,Mount St. Mary's,Away,L,9,8,1,9,7,16,40,22,48,25,10,8,6,14,34,17,35,18,11,8,9,9,13
2025-02-18,St. Bonaventure,Robert Morris,Away,W,7,8,NA,7,3,10,41,20,26,17,4,8,5,13,35,19,27,18,5,8,11,7,13
2025-02-25,St. Bonaventure,Mercyhurst,Home,L,11,9,NA,11,10,21,46,23,36,21,10,9,4,13,35,15,20,23,9,9,6,11,12
2025-03-01,St. Bonaventure,Le Moyne,Away,L,9,10,NA,9,5,14,37,21,20,14,3,10,2,12,32,17,25,20,5,10,7,9,12
2025-03-06,St. Bonaventure,Mercer,Home,W,9,5,NA,9,1,10,34,17,26,21,13,5,1,6,30,16,25,22,7,5,11,9,8
2025-03-08,St. Bonaventure,Cleveland St.,Home,W,8,6,NA,8,4,12,40,19,26,15,10,6,2,8,28,16,26,21,9,6,10,8,11
2025-03-11,St. Bonaventure,Canisius,Away,L,7,6,NA,7,6,13,34,19,25,16,3,6,3,9,27,15,31,18,8,6,9,7,12
2025-03-15,St. Bonaventure,Bellarmine,Away,W,5,9,NA,5,3,8,34,21,29,21,7,9,8,17,32,23,25,18,7,9,14,5,16
2025-03-25,St. Bonaventure,Binghamton,Home,L,5,6,1,5,4,9,36,22,28,20,9,6,1,7,50,26,27,16,9,6,20,5,17
2025-03-29,St. Bonaventure,Richmond,Away,L,5,22,NA,5,4,9,21,13,28,25,3,22,13,35,68,33,40,12,17,22,11,5,8
2025-04-05,St. Bonaventure,Saint Joseph's,Home,W,3,15,NA,3,0,3,28,15,20,16,9,15,11,26,51,33,33,17,6,15,18,3,12
2025-04-12,St. Bonaventure,Massachusetts,Away,L,4,15,NA,4,4,8,26,17,22,18,3,15,9,24,39,23,31,13,4,15,8,4,13
2025-02-08,St. John's (NY),NJIT,Away,L,15,14,NA,15,14,29,36,23,27,17,7,14,8,22,48,28,31,19,4,14,14,15,8
2025-02-15,St. John's (NY),Delaware,Away,W,10,17,NA,10,7,17,36,18,28,18,9,17,5,22,50,30,33,17,7,17,13,10,8
2025-02-18,St. John's (NY),Quinnipiac,Home,L,15,9,NA,15,8,23,47,31,38,18,8,9,4,13,31,17,25,17,6,9,8,15,16
2025-02-22,St. John's (NY),Hofstra,Home,L,12,13,1,12,5,17,37,24,39,24,13,13,5,18,36,28,36,22,11,13,15,12,12
2025-02-28,St. John's (NY),Jacksonville,Home,L,10,11,1,10,4,14,42,21,29,20,13,11,7,18,46,27,37,22,15,11,16,10,11
2025-03-04,St. John's (NY),Fairfield,Home,W,8,20,NA,8,6,14,36,15,31,25,11,20,12,32,68,40,45,15,11,20,20,8,7
2025-03-08,St. John's (NY),Bryant,Away,W,6,9,NA,6,4,10,43,21,34,15,5,9,4,13,34,19,34,18,10,9,10,6,15
2025-03-11,St. John's (NY),Rutgers,Away,W,11,21,NA,11,4,15,33,24,22,16,3,21,15,36,48,34,45,12,10,21,13,11,13
2025-03-15,St. John's (NY),Mercer,Home,W,20,16,NA,20,13,33,46,34,45,21,4,16,8,24,50,32,31,15,9,16,16,20,14
2025-03-22,St. John's (NY),Hobart Ridgefield HS,Away,L,13,11,NA,13,8,21,45,29,34,7,11,11,6,17,46,27,35,15,1,11,16,13,16
2025-03-29,St. John's (NY),Marquette,Away,L,8,13,NA,8,4,12,37,17,24,19,4,13,6,19,50,25,33,17,9,13,12,8,9
2025-04-05,St. John's (NY),Denver,Home,W,7,14,NA,7,5,12,37,19,27,23,6,14,7,21,37,25,38,16,11,14,11,7,12
2025-04-12,St. John's (NY),Villanova,Away,L,7,10,NA,7,5,12,30,11,26,29,7,10,5,15,50,28,31,19,18,10,18,7,4
2025-02-08,Stony Brook,Rutgers,Away,L,9,8,NA,9,3,12,43,21,33,16,6,8,5,13,30,21,26,17,9,8,13,9,12
2025-02-14,Stony Brook,North Carolina,Away,W,4,9,NA,4,2,6,19,15,22,19,3,9,5,14,41,26,33,16,11,9,17,4,11
2025-02-16,Stony Brook,Queens (NC),Away,W,12,6,NA,12,4,16,50,23,29,17,8,6,5,11,37,19,28,17,7,6,13,12,11
2025-02-22,Stony Brook,Sacred Heart,Home,L,6,7,1,6,4,10,46,20,35,17,8,7,2,9,31,15,21,18,7,7,8,6,14
2025-02-25,Stony Brook,Iona,Home,L,11,7,NA,11,6,17,40,24,42,18,8,7,2,9,29,18,22,21,7,7,11,11,13
2025-03-01,Stony Brook,Manhattan,Away,W,12,7,NA,12,10,22,36,27,27,17,13,7,1,8,31,20,16,14,15,7,13,12,15
2025-03-08,Stony Brook,Binghamton,Home,L,10,12,NA,10,6,16,40,19,29,16,4,12,7,19,44,30,39,18,6,12,18,10,9
2025-03-15,Stony Brook,Hofstra,Away,W,12,13,2,12,2,14,38,21,26,14,1,13,5,18,47,24,26,9,9,13,11,12,9
2025-03-22,Stony Brook,Towson,Away,W,12,13,1,12,4,16,35,21,30,18,6,13,7,20,47,29,38,13,8,13,16,12,9
2025-03-29,Stony Brook,Fairfield,Home,W,17,16,NA,17,6,23,35,24,41,20,6,16,8,24,55,36,51,16,14,16,20,17,7
2025-04-05,Stony Brook,Delaware,Away,L,9,17,NA,9,3,12,41,24,29,18,7,17,10,27,49,34,28,10,9,17,17,9,15
2025-04-12,Stony Brook,Monmouth,Home,L,13,9,NA,13,8,21,52,30,41,13,6,9,5,14,28,17,20,16,3,9,8,13,17
2025-02-01,Syracuse,Jacksonville,Home,L,24,5,NA,24,13,37,58,39,42,9,12,5,4,9,30,16,23,22,1,5,11,24,15
2025-02-07,Syracuse,Vermont,Home,L,13,5,NA,13,9,22,48,31,35,13,12,5,2,7,28,17,25,22,7,5,12,13,18
2025-02-10,Syracuse,Towson,Home,L,18,7,NA,18,11,29,45,29,34,10,8,7,4,11,38,16,21,16,4,7,9,18,11
2025-02-15,Syracuse,Maryland,Away,L,7,11,NA,7,3,10,41,19,23,13,7,11,5,16,32,23,22,12,7,11,12,7,12
2025-02-22,Syracuse,Harvard,Home,L,14,15,NA,14,10,24,50,27,40,15,9,15,9,24,40,24,24,15,3,15,9,14,13
2025-03-01,Syracuse,Utah,Away,W,15,5,NA,15,8,23,40,24,37,18,14,5,1,6,34,16,25,23,10,5,11,15,9
2025-03-09,Syracuse,Johns Hopkins,Home,W,13,10,NA,13,9,22,46,19,32,11,7,10,5,15,35,22,20,15,5,10,12,13,6
2025-03-18,Syracuse,Manhattan,Home,L,18,2,NA,18,10,28,71,44,50,11,10,2,0,2,18,9,20,20,3,2,7,18,26
2025-03-22,Syracuse,Colgate,Home,W,16,12,NA,16,11,27,49,26,37,15,6,12,8,20,49,30,32,15,7,12,18,16,10
2025-03-29,Syracuse,Virginia,Away,L,12,10,NA,12,6,18,52,28,31,8,10,10,6,16,43,27,37,13,5,10,17,12,16
2025-04-05,Syracuse,Notre Dame,Home,L,14,9,NA,14,9,23,43,25,32,16,7,9,7,16,33,19,25,16,6,9,10,14,11
2025-04-12,Syracuse,"Cornell Uniondale, N.Y.",Away,W,12,17,NA,12,9,21,43,26,36,12,8,17,12,29,40,24,38,19,7,17,7,12,14
2025-02-04,Towson,Johns Hopkins,Home,L,10,11,NA,10,7,17,33,20,28,21,4,11,6,17,37,22,32,18,10,11,11,10,10
2025-02-10,Towson,Syracuse,Away,L,7,18,NA,7,4,11,38,16,21,16,4,18,11,29,45,29,34,10,8,18,11,7,9
2025-02-16,Towson,Navy,Away,W,10,14,NA,10,6,16,46,23,25,15,5,14,6,20,42,23,37,17,5,14,9,10,13
2025-02-22,Towson,Saint Joseph's,Home,W,6,11,NA,6,3,9,50,23,32,13,7,11,5,16,31,16,30,15,4,11,5,6,17
2025-02-28,Towson,UMBC,Away,L,17,10,NA,17,10,27,33,20,36,17,7,10,6,16,34,18,27,19,10,10,8,17,3
2025-03-08,Towson,"Virginia Houston, TX",Away,L,6,11,NA,6,3,9,45,21,35,22,10,11,7,18,41,22,32,16,14,11,11,6,15
2025-03-15,Towson,Delaware,Home,W,19,18,1,19,9,28,51,36,32,11,7,18,15,33,46,33,43,12,6,18,15,19,17
2025-03-22,Towson,Stony Brook,Home,W,13,12,1,13,7,20,47,29,38,13,8,12,4,16,35,21,30,18,6,12,9,13,16
2025-03-29,Towson,Drexel,Away,W,12,8,NA,12,7,19,41,22,39,11,8,8,5,13,31,16,26,15,4,8,8,12,10
2025-04-05,Towson,Monmouth,Away,L,12,10,NA,12,8,20,47,23,33,19,7,10,4,14,40,17,19,12,7,10,7,12,11
2025-04-08,Towson,Loyola Maryland,Home,W,13,12,2,13,10,23,40,30,49,25,15,12,7,19,34,20,38,28,11,12,8,13,17
2025-04-12,Towson,Hampton,Home,L,25,3,NA,25,14,39,78,49,59,11,15,3,2,5,23,9,19,25,4,3,6,25,24
2025-02-14,UAlbany,Colgate,Home,L,14,19,NA,14,10,24,43,23,32,19,11,19,12,31,62,30,52,14,10,19,11,14,9
2025-02-18,UAlbany,Penn,Away,L,8,14,NA,8,4,12,26,16,23,18,4,14,12,26,34,21,27,15,8,14,7,8,8
2025-02-22,UAlbany,Drexel,Home,L,16,9,NA,16,9,25,48,19,42,16,7,9,8,17,33,20,29,15,3,9,11,16,3
2025-03-01,UAlbany,Massachusetts,Home,W,9,10,NA,9,3,12,39,22,29,17,8,10,6,16,39,23,33,17,9,10,13,9,13
2025-03-05,UAlbany,Georgetown,Home,W,7,12,NA,7,4,11,37,21,31,18,5,12,7,19,38,23,43,15,9,12,11,7,14
2025-03-08,UAlbany,Hobart,Away,L,17,12,NA,17,12,29,49,37,22,9,5,12,7,19,44,22,31,16,2,12,10,17,20
2025-03-15,UAlbany,Bryant,Away,W,11,12,NA,11,6,17,38,21,28,14,10,12,7,19,44,25,40,17,10,12,13,11,10
2025-03-18,UAlbany,Virginia,Away,L,9,12,NA,9,4,13,39,23,30,16,6,12,7,19,39,29,31,14,10,12,17,9,14
2025-03-22,UAlbany,UMBC,Home,L,12,13,1,12,6,18,29,21,37,19,7,13,7,20,40,21,31,16,8,13,8,12,9
2025-03-29,UAlbany,UMass Lowell,Home,L,17,6,NA,17,8,25,51,25,41,10,10,6,2,8,32,15,27,17,3,6,9,17,8
2025-04-01,UAlbany,Cornell,Away,W,11,18,NA,11,6,17,31,17,28,17,6,18,12,30,47,29,38,17,7,18,11,11,6
2025-04-05,UAlbany,Binghamton,Away,W,11,9,NA,11,4,15,36,21,21,18,7,9,6,15,44,19,22,13,9,9,10,11,10
2025-04-12,UAlbany,Vermont,Away,L,15,11,NA,15,12,27,40,26,19,6,6,11,10,21,30,15,27,16,4,11,4,15,11
2025-02-15,UMBC,Drexel,Away,L,9,6,NA,9,5,14,30,16,22,20,7,6,5,11,33,16,24,20,11,6,10,9,7
2025-02-19,UMBC,Mount St. Mary's,Home,L,12,6,NA,12,4,16,41,23,23,15,6,6,2,8,31,16,14,10,6,6,10,12,11
2025-02-28,UMBC,Towson,Home,L,10,17,NA,10,6,16,34,18,27,19,10,17,10,27,33,20,36,17,7,17,3,10,8
2025-03-08,UMBC,Richmond,Away,L,8,14,NA,8,5,13,25,13,25,25,5,14,9,23,43,22,30,17,9,14,8,8,5
2025-03-15,UMBC,Vermont,Home,L,10,7,NA,10,7,17,44,23,28,11,11,7,4,11,36,16,31,21,4,7,9,10,13
2025-03-22,UMBC,UAlbany,Away,L,13,12,1,13,7,20,40,21,31,16,8,12,6,18,29,21,37,19,7,12,9,13,8
2025-03-29,UMBC,Bryant,Away,L,7,12,NA,7,1,8,42,17,29,13,7,12,6,18,31,18,33,14,8,12,6,7,10
2025-04-04,UMBC,UMass Lowell,Home,L,14,4,NA,14,7,21,51,29,33,13,11,4,4,8,28,17,23,22,4,4,13,14,15
2025-04-05,UMBC,Binghamton,Home,L,17,7,NA,17,6,23,51,33,35,10,13,7,4,11,24,17,20,17,5,7,10,17,16
2025-04-12,UMBC,Binghamton,Home,L,17,7,NA,17,6,23,51,33,35,10,13,7,4,11,24,17,20,17,5,7,10,17,16
2025-02-07,UMass Lowell,Merrimack,Home,L,14,9,NA,14,8,22,47,33,36,13,11,9,5,14,37,24,23,17,4,9,15,14,19
2025-02-11,UMass Lowell,Holy Cross,Away,L,9,14,NA,9,5,14,21,13,31,24,7,14,7,21,44,31,39,17,12,14,17,9,4
2025-02-14,UMass Lowell,Mercyhurst,Home,L,15,7,NA,15,7,22,42,32,37,17,8,7,2,9,25,15,19,16,7,7,8,15,17
2025-02-22,UMass Lowell,Wagner,Away,L,13,12,NA,13,5,18,42,21,24,21,6,12,2,14,37,24,25,16,10,12,12,13,8
2025-03-02,UMass Lowell,"Queens (NC) Towson, Md.",Away,W,11,12,1,11,6,17,34,18,34,22,5,12,5,17,49,29,41,17,9,12,17,11,7
2025-03-08,UMass Lowell,Fairfield,Away,L,5,19,NA,5,2,7,30,17,27,21,5,19,13,32,43,26,30,12,16,19,7,5,12
2025-03-14,UMass Lowell,Binghamton,Home,L,12,14,NA,12,7,19,30,22,24,15,2,14,3,17,45,23,30,12,5,14,9,12,10
2025-03-18,UMass Lowell,Massachusetts,Home,W,9,10,NA,9,2,11,37,18,23,17,6,10,3,13,40,23,22,11,7,10,13,9,9
2025-03-29,UMass Lowell,UAlbany,Away,L,6,17,NA,6,2,8,32,15,27,17,3,17,8,25,51,25,41,10,10,17,8,6,9
2025-04-04,UMass Lowell,UMBC,Away,L,4,14,NA,4,4,8,28,17,23,22,4,14,7,21,51,29,33,13,11,14,15,4,13
2025-04-12,UMass Lowell,NJIT,Home,L,10,8,NA,10,6,16,43,25,31,12,4,8,2,10,35,20,18,15,4,8,12,10,15
2025-02-01,Utah,Ohio St.,Away,L,19,13,NA,19,8,27,43,34,44,17,9,13,9,22,39,25,31,14,10,13,12,19,15
2025-02-08,Utah,Delaware,Home,L,12,13,NA,12,6,18,47,27,30,16,9,13,9,22,39,24,28,20,10,13,11,12,15
2025-02-15,Utah,Denver,Away,L,8,10,NA,8,4,12,41,24,31,21,5,10,5,15,39,24,29,17,11,10,14,8,16
2025-02-21,Utah,"Vermont Hooksett, NH",Away,W,10,11,NA,10,6,16,36,21,17,12,9,11,9,20,30,17,27,20,5,11,6,10,11
2025-03-01,Utah,Syracuse,Home,W,5,15,NA,5,1,6,34,16,25,23,10,15,8,23,40,24,37,18,14,15,9,5,11
2025-03-08,Utah,Dartmouth,Away,L,9,11,NA,9,8,17,45,25,41,15,7,11,7,18,47,24,37,13,10,11,13,9,16
2025-03-15,Utah,Marquette,Home,L,11,12,1,11,6,17,43,27,23,7,6,12,6,18,48,29,27,13,2,12,17,11,16
2025-03-22,Utah,Virginia,Away,L,9,14,NA,9,4,13,43,24,43,23,8,14,8,22,46,28,40,17,12,14,14,9,15
2025-03-29,Utah,Bellarmine,Away,W,11,9,NA,11,7,18,56,33,34,13,11,9,3,12,40,21,23,20,8,9,12,11,22
2025-04-05,Utah,Mercer,Home,W,16,10,NA,16,9,25,60,35,50,15,14,10,7,17,39,25,28,21,5,10,15,16,19
2025-04-12,Utah,Jacksonville,Home,W,17,14,NA,17,11,28,51,31,40,10,14,14,11,25,36,21,21,23,4,14,7,17,14
2025-02-02,VMI,St. Bonaventure,Away,W,18,7,NA,18,11,29,54,30,32,12,8,7,4,11,33,20,24,21,4,7,13,18,12
2025-02-08,VMI,High Point,Home,L,11,12,1,11,5,16,29,21,21,13,8,12,6,18,47,32,30,13,6,12,20,11,10
2025-02-15,VMI,Mercer,Away,L,14,11,NA,14,6,20,35,25,16,18,10,11,6,17,52,33,35,19,10,11,22,14,11
2025-02-18,VMI,Hampton,Home,L,28,4,NA,28,16,44,73,44,46,14,14,4,2,6,30,11,17,23,3,4,7,28,16
2025-02-22,VMI,Iona,Away,W,19,4,NA,19,13,32,48,30,35,16,11,4,2,6,34,18,35,27,8,4,14,19,11
2025-03-04,VMI,Queens (NC),Home,L,20,7,NA,20,10,30,47,32,26,12,10,7,2,9,37,20,24,21,5,7,13,20,12
2025-03-08,VMI,Monmouth,Away,L,11,10,NA,11,7,18,35,20,24,19,6,10,5,15,37,27,36,16,9,10,17,11,9
2025-03-15,VMI,Le Moyne,Home,W,9,10,NA,9,7,16,42,19,22,11,7,10,6,16,34,19,21,18,4,10,9,9,10
2025-03-22,VMI,Mercyhurst,Home,W,18,12,NA,18,8,26,59,35,42,15,5,12,6,18,36,26,25,9,6,12,14,18,17
2025-03-29,VMI,Cleveland St.,Away,W,11,9,NA,11,5,16,42,26,34,11,8,9,4,13,39,24,34,16,5,9,15,11,15
2025-04-05,VMI,Detroit Mercy,Home,W,9,10,1,9,5,14,53,22,24,16,11,10,6,16,47,29,28,18,10,10,19,9,13
2025-04-12,VMI,Robert Morris,Away,L,9,15,NA,9,5,14,30,20,20,13,7,15,10,25,50,30,40,12,6,15,15,9,11
2025-02-07,Vermont,Syracuse,Away,L,5,13,NA,5,2,7,28,17,25,22,7,13,9,22,48,31,35,13,12,13,18,5,12
2025-02-15,Vermont,Manhattan,Home,L,12,6,NA,12,6,18,45,31,38,25,13,6,5,11,21,13,18,23,8,6,7,12,19
2025-02-21,Vermont,"Utah Hooksett, NH",Away,L,11,10,NA,11,9,20,30,17,27,20,5,10,6,16,36,21,17,12,9,10,11,11,6
2025-02-28,Vermont,Dartmouth,Away,L,9,14,NA,9,6,15,34,17,43,22,9,14,8,22,54,32,39,14,14,14,18,9,8
2025-03-08,Vermont,Massachusetts,Home,W,7,11,NA,7,3,10,30,15,26,20,7,11,6,17,33,15,21,13,13,11,4,7,8
2025-03-15,Vermont,UMBC,Away,L,7,10,NA,7,4,11,36,16,31,21,4,10,7,17,44,23,28,11,11,10,13,7,9
2025-03-22,Vermont,Bryant,Home,W,16,12,NA,16,9,25,35,24,34,19,10,12,10,22,33,21,36,18,11,12,9,16,8
2025-03-29,Vermont,NJIT,Away,W,19,8,NA,19,16,35,49,28,36,17,11,8,5,13,48,21,30,18,10,8,13,19,9
2025-04-05,Vermont,Princeton,Away,L,5,10,NA,5,5,10,29,16,34,15,6,10,7,17,49,30,36,12,7,10,20,5,11
2025-04-12,Vermont,UAlbany,Home,L,11,15,NA,11,10,21,30,15,27,16,4,15,12,27,40,26,19,6,6,15,11,11,4
2025-02-09,Villanova,Penn St.,Home,W,5,15,NA,5,3,8,34,15,25,20,14,15,6,21,34,20,27,19,9,15,5,5,10
2025-02-15,Villanova,Yale,Home,W,13,11,NA,13,5,18,46,24,29,15,10,11,7,18,39,21,31,21,9,11,10,13,11
2025-02-22,Villanova,Colgate,Home,W,5,16,NA,5,1,6,42,23,31,33,11,16,9,25,50,31,51,24,26,16,15,5,18
2025-02-28,Villanova,Lehigh,Home,W,7,10,NA,7,4,11,35,23,22,19,5,10,7,17,39,18,23,15,13,10,8,7,16
2025-03-04,Villanova,Drexel,Home,W,9,6,NA,9,4,13,31,19,25,19,7,6,3,9,38,17,34,20,11,6,11,9,10
2025-03-08,Villanova,Penn,Away,L,8,11,NA,8,4,12,36,22,36,21,9,11,7,18,31,20,21,17,7,11,9,8,14
2025-03-15,Villanova,Saint Joseph's,Away,L,8,12,NA,8,5,13,41,26,31,21,9,12,10,22,38,21,35,16,14,12,9,8,18
2025-03-17,Villanova,Brown,Home,L,16,9,NA,16,4,20,39,27,36,22,8,9,8,17,47,28,29,15,11,9,19,16,11
2025-03-29,Villanova,Denver,Away,W,10,9,1,10,6,16,52,25,39,18,8,9,7,16,32,17,25,18,11,9,8,10,15
2025-04-05,Villanova,Providence,Away,W,11,8,NA,11,5,16,41,22,32,18,15,8,5,13,33,18,25,23,8,8,10,11,11
2025-04-12,Villanova,St. John's (NY),Home,L,10,7,NA,10,5,15,50,28,31,19,18,7,5,12,30,11,26,29,7,7,4,10,18
2025-02-08,Virginia,Colgate,Home,L,19,9,NA,19,14,33,69,36,57,20,14,9,5,14,46,21,32,25,9,9,12,19,17
2025-02-15,Virginia,Richmond,Home,L,10,13,NA,10,5,15,35,24,35,19,7,13,10,23,45,26,37,19,11,13,13,10,14
2025-02-18,Virginia,High Point,Home,L,17,8,NA,17,11,28,44,30,40,13,14,8,6,14,28,15,27,23,6,8,7,17,13
2025-02-22,Virginia,Ohio St.,Away,L,5,14,NA,5,4,9,39,17,34,21,4,14,7,21,38,21,38,14,9,14,7,5,12
2025-03-01,Virginia,Johns Hopkins,Away,W,12,13,NA,12,9,21,36,22,27,18,7,13,8,21,30,21,18,15,7,13,8,12,10
2025-03-08,Virginia,"Towson Houston, TX",Away,W,11,6,NA,11,7,18,41,22,32,16,14,6,3,9,45,21,35,22,10,6,15,11,11
2025-03-15,Virginia,Maryland,Home,W,6,12,NA,6,2,8,36,19,32,9,10,12,5,17,30,19,22,20,3,12,7,6,13
2025-03-18,Virginia,UAlbany,Home,L,12,9,NA,12,7,19,39,29,31,14,10,9,4,13,39,23,30,16,6,9,14,12,17
2025-03-22,Virginia,Utah,Home,L,14,9,NA,14,8,22,46,28,40,17,12,9,4,13,43,24,43,23,8,9,15,14,14
2025-03-29,Virginia,Syracuse,Home,L,10,12,NA,10,6,16,43,27,37,13,5,12,6,18,52,28,31,8,10,12,16,10,17
2025-04-05,Virginia,North Carolina,Away,L,9,18,NA,9,3,12,32,18,31,14,7,18,7,25,51,26,36,12,5,18,8,9,9
2025-04-12,Virginia,Notre Dame,Away,L,7,12,NA,7,3,10,33,20,28,18,7,12,5,17,44,21,34,11,10,12,9,7,13
2025-02-01,Wagner,Manhattan,Home,W,3,14,NA,3,2,5,49,16,29,14,7,14,5,19,35,21,28,9,10,14,7,3,13
2025-02-07,Wagner,Hofstra,Away,L,5,17,NA,5,1,6,29,18,22,19,2,17,8,25,60,32,36,12,7,17,15,5,13
2025-02-15,Wagner,Mount St. Mary's,Home,W,9,15,NA,9,5,14,36,23,30,12,11,15,7,22,36,23,18,14,8,15,8,9,14
2025-02-22,Wagner,UMass Lowell,Home,L,12,13,NA,12,2,14,37,24,25,16,10,13,5,18,42,21,24,21,6,13,8,12,12
2025-02-25,Wagner,Monmouth,Home,W,7,16,NA,7,1,8,26,16,21,15,4,16,8,24,45,29,29,14,9,16,13,7,9
2025-03-01,Wagner,Sacred Heart,Away,L,6,20,NA,6,1,7,32,18,28,23,5,20,12,32,63,36,37,12,15,20,16,6,12
2025-03-08,Wagner,NJIT,Away,W,11,12,NA,11,5,16,33,21,21,18,4,12,7,19,50,28,31,15,7,12,16,11,10
2025-03-15,Wagner,Cleveland St.,Home,W,8,14,NA,8,5,13,27,18,30,16,8,14,9,23,34,24,30,17,10,14,10,8,10
2025-03-22,Wagner,Robert Morris,Away,L,8,15,NA,8,7,15,25,14,25,20,7,15,11,26,41,28,36,15,7,15,13,8,6
2025-03-28,Wagner,LIU,Home,W,12,11,1,12,6,18,39,26,25,12,4,11,8,19,37,29,24,13,3,11,18,12,14
2025-04-05,Wagner,Le Moyne,Away,W,4,9,NA,4,2,6,33,18,30,13,9,9,6,15,26,15,24,19,5,9,6,4,14
2025-04-12,Wagner,Detroit Mercy,Away,W,11,15,NA,11,4,15,32,19,31,22,9,15,6,21,36,25,30,14,15,15,10,11,8
2025-02-15,Yale,Villanova,Away,W,11,13,NA,11,7,18,39,21,31,21,9,13,5,18,46,24,29,15,10,13,11,11,10
2025-02-19,Yale,Army West Point,Home,W,3,14,NA,3,1,4,33,19,25,18,6,14,6,20,42,26,33,17,11,14,12,3,16
2025-03-01,Yale,Penn St.,Home,W,9,15,NA,9,4,13,48,27,23,11,6,15,11,26,42,27,32,13,7,15,12,9,18
2025-03-08,Yale,Denver,Home,W,15,10,NA,15,6,21,46,32,37,19,9,10,7,17,39,21,23,17,9,10,11,15,17
2025-03-15,Yale,Harvard,Away,W,11,14,NA,11,5,16,41,19,27,22,3,14,7,21,49,24,39,14,14,14,10,11,8
2025-03-22,Yale,Cornell,Home,L,14,19,NA,14,9,23,45,27,32,13,3,19,14,33,51,33,26,9,9,19,14,14,13
2025-03-29,Yale,Brown,Home,W,15,12,NA,15,8,23,52,26,39,17,6,12,4,16,47,24,26,15,10,12,12,15,11
2025-04-05,Yale,Penn,Away,L,14,11,NA,14,5,19,37,25,22,12,6,11,7,18,45,24,25,14,7,11,13,14,11
2025-04-12,Yale,Dartmouth,Home,W,21,12,NA,21,9,30,54,35,41,13,8,12,9,21,33,21,28,16,5,12,9,21,14
2025-04-15,Yale,Hofstra,Home,W,9,6,NA,9,7,16,33,25,28,18,7,6,4,10,48,21,31,17,8,6,15,9,16
2024-02-03,Air Force,Marquette,Home,W,6,12,NA,6,6,12,36,18,31,16,13,12,5,17,40,23,28,16,8,12,11,6,12
2024-02-10,Air Force,Denver,Away,L,9,11,NA,9,5,14,33,23,32,21,18,11,7,18,31,21,35,28,14,11,10,9,14
2024-02-17,Air Force,Ohio St.,Home,W,4,12,NA,4,4,8,26,13,17,16,8,12,4,16,36,19,29,17,10,12,7,4,9
2024-02-24,Air Force,Stony Brook,Home,W,12,11,1,12,6,18,38,24,33,15,6,11,9,20,43,26,20,12,4,11,15,12,12
2024-03-03,Air Force,Saint Joseph's,Away,W,11,15,NA,11,7,18,34,24,31,18,7,15,9,24,35,25,28,18,7,15,10,11,13
2024-03-16,Air Force,Queens (NC),Home,W,14,10,NA,14,11,25,42,24,34,15,8,10,6,16,27,16,24,16,8,10,6,14,10
2024-03-20,Air Force,Utah,Away,L,12,11,NA,12,7,19,32,22,26,19,6,11,10,21,45,24,40,19,5,11,13,12,10
2024-03-23,Air Force,Lindenwood,Away,W,15,3,NA,15,9,24,42,24,37,15,6,3,2,5,21,13,24,16,5,3,10,15,9
2024-03-31,Air Force,Cleveland St.,Home,L,12,9,NA,12,9,21,41,26,34,12,10,9,5,14,28,19,25,17,6,9,10,12,14
2024-04-06,Air Force,Bellarmine,Home,L,11,7,NA,11,5,16,48,25,32,10,9,7,5,12,24,14,27,18,6,7,7,11,14
2024-04-13,Air Force,Detroit Mercy,Away,W,14,3,NA,14,9,23,44,26,31,16,7,3,2,5,30,17,24,15,5,3,14,14,12
2024-04-17,Air Force,Mercer,Home,L,20,5,NA,20,12,32,55,32,42,17,14,5,2,7,16,8,29,32,6,5,3,20,12
2024-04-20,Air Force,Jacksonville,Home,W,9,10,1,9,4,13,44,19,28,15,6,10,7,17,43,29,27,10,9,10,19,9,10
2024-04-27,Air Force,Robert Morris,Away,L,14,11,NA,14,8,22,38,24,35,18,6,11,6,17,45,24,34,15,11,11,13,14,10
2024-05-03,Air Force,"Jacksonville USAF Academy, Colo.",Away,W,10,15,NA,10,5,15,37,22,28,14,7,15,11,26,43,26,32,14,7,15,11,10,12
2024-02-10,Army West Point,"Massachusetts Atlanta, GA",Away,L,13,12,NA,13,7,20,42,29,37,16,2,12,5,17,40,21,19,12,6,12,9,13,16
2024-02-17,Army West Point,Rutgers,Away,W,16,7,NA,16,9,25,42,30,36,15,7,7,2,9,28,15,23,17,5,7,8,16,14
2024-02-24,Army West Point,Mercer,Home,L,15,7,NA,15,7,22,43,31,37,15,5,7,3,10,38,19,26,22,2,7,12,15,16
2024-02-28,Army West Point,Syracuse,Away,L,14,13,1,14,6,20,47,25,31,15,6,13,5,18,51,24,30,13,5,13,11,14,11
2024-03-03,Army West Point,Lafayette,Away,L,16,11,NA,16,11,27,43,31,40,10,7,11,0,11,44,21,28,16,5,11,10,16,15
2024-03-09,Army West Point,Holy Cross,Home,L,18,8,NA,18,14,32,51,31,35,11,8,8,4,12,29,16,19,18,2,8,8,18,13
2024-03-16,Army West Point,Lehigh,Home,W,18,12,NA,18,11,29,54,37,32,14,6,12,7,19,33,25,26,17,5,12,13,18,19
2024-03-22,Army West Point,Boston U.,Away,L,9,14,NA,9,5,14,46,24,33,14,5,14,7,21,41,20,31,13,11,14,6,9,15
2024-03-30,Army West Point,North Carolina,Away,L,13,12,NA,13,5,18,47,25,40,14,13,12,5,17,42,31,39,18,7,12,19,13,12
2024-04-06,Army West Point,Colgate,Home,L,11,14,NA,11,8,19,47,29,40,24,18,14,9,23,31,20,27,30,13,14,6,11,18
2024-04-13,Army West Point,Navy,Home,L,13,8,NA,13,8,21,44,27,33,16,5,8,3,11,46,27,29,13,4,8,19,13,14
2024-04-19,Army West Point,Bucknell,Away,L,19,11,NA,19,11,30,44,25,43,22,11,11,9,20,32,18,33,20,13,11,7,19,6
2024-04-26,Army West Point,Loyola Maryland,Away,L,13,11,NA,13,4,17,43,28,36,18,5,11,6,17,37,25,33,14,10,11,14,13,15
2024-05-03,Army West Point,Boston U.,Home,L,10,11,1,10,8,18,46,25,27,12,9,11,6,17,42,27,28,18,6,11,16,10,15
2024-02-03,Bellarmine,Duke,Away,W,12,20,NA,12,9,21,40,21,20,16,5,20,11,31,62,38,38,16,8,20,18,12,9
2024-02-11,Bellarmine,St. Bonaventure,Away,W,13,9,NA,13,9,22,47,30,44,19,17,9,8,17,27,18,27,23,9,9,9,13,17
2024-02-13,Bellarmine,Ohio St.,Away,L,6,10,NA,6,4,10,26,14,30,22,8,10,3,13,33,18,33,21,15,10,8,6,8
2024-02-17,Bellarmine,Canisius,Home,L,7,8,NA,7,6,13,35,18,14,16,10,8,5,13,40,22,17,17,5,8,14,7,11
2024-02-27,Bellarmine,Hampton,Away,W,23,7,NA,23,15,38,54,32,48,23,11,7,3,10,38,21,27,21,13,7,14,23,9
2024-03-02,Bellarmine,Marist,Home,W,11,10,NA,11,5,16,43,24,23,20,10,10,6,16,56,29,28,18,14,10,19,11,13
2024-03-09,Bellarmine,Marquette,Home,L,11,5,NA,11,8,19,31,18,26,18,10,5,4,9,40,22,29,13,16,5,17,11,7
2024-03-16,Bellarmine,Utah,Home,L,13,14,NA,13,9,22,44,26,23,14,5,14,7,21,48,28,21,11,8,14,14,13,13
2024-03-20,Bellarmine,Mercer,Away,W,17,9,NA,17,5,22,54,31,26,22,7,9,8,17,43,22,28,22,10,9,13,17,14
2024-03-23,Bellarmine,Queens (NC),Away,W,12,5,NA,12,4,16,55,34,29,18,7,5,2,7,32,20,16,15,7,5,15,12,22
2024-03-30,Bellarmine,Lindenwood,Home,W,17,10,NA,17,14,31,60,34,28,21,10,10,6,16,31,20,24,15,5,10,10,17,17
2024-04-06,Bellarmine,Air Force,Away,L,7,11,NA,7,5,12,24,14,27,18,6,11,5,16,48,25,32,10,9,11,14,7,7
2024-04-10,Bellarmine,Robert Morris,Home,W,15,12,NA,15,8,23,49,31,28,21,10,12,8,20,44,27,36,23,7,12,15,15,16
2024-04-13,Bellarmine,Cleveland St.,Home,L,14,9,NA,14,5,19,34,25,30,12,7,9,8,17,41,21,18,14,1,9,12,14,11
2024-04-20,Bellarmine,Detroit Mercy,Home,L,10,18,NA,10,5,15,43,28,21,14,7,18,8,26,40,25,15,12,7,18,7,10,18
2024-04-27,Bellarmine,Jacksonville,Away,L,7,22,NA,7,1,8,30,24,25,14,6,22,16,38,44,35,43,17,9,22,13,7,17
2024-04-30,Bellarmine,"Cleveland St. USAF Academy, Colo.",Away,W,12,15,NA,12,12,24,37,24,28,12,5,15,8,23,38,22,26,15,6,15,7,12,12
2024-02-10,Binghamton,"Jacksonville Sparks Glencoe, MD",Away,W,8,9,NA,8,4,12,48,29,28,16,9,9,4,13,41,22,29,25,6,9,13,8,21
2024-02-17,Binghamton,St. Bonaventure,Home,W,13,12,1,13,6,19,50,26,27,18,6,12,7,19,32,22,23,19,10,12,10,13,13
2024-02-24,Binghamton,Lafayette,Away,W,12,19,NA,12,3,15,39,27,29,10,7,19,11,30,48,32,42,15,2,19,13,12,15
2024-03-02,Binghamton,Richmond,Away,W,10,19,NA,10,5,15,34,21,25,19,2,19,11,30,59,34,26,7,12,19,15,10,11
2024-03-05,Binghamton,Mount St. Mary's,Away,L,13,12,1,13,5,18,43,25,41,16,8,12,5,17,42,23,36,14,9,12,11,13,12
2024-03-09,Binghamton,St. John's (NY),Away,L,6,13,NA,6,4,10,41,21,25,18,7,13,3,16,46,25,33,17,10,13,12,6,15
2024-03-16,Binghamton,Merrimack,Home,W,9,10,1,9,4,13,45,23,22,19,7,10,4,14,44,26,29,16,7,10,16,9,14
2024-03-23,Binghamton,NJIT,Away,L,17,12,NA,17,8,25,35,25,29,13,7,12,8,20,42,27,30,19,2,12,15,17,8
2024-03-30,Binghamton,UMass Lowell,Home,L,15,6,NA,15,10,25,57,32,24,9,7,6,2,8,35,17,18,18,5,6,11,15,17
2024-04-06,Binghamton,Vermont,Away,L,11,10,1,11,3,14,53,27,35,20,6,10,6,16,34,28,36,13,9,10,18,11,16
2024-04-13,Binghamton,UMBC,Home,W,21,10,NA,21,13,34,49,32,40,19,9,10,6,16,40,25,34,17,13,10,15,21,11
2024-04-20,Binghamton,Bryant,Home,L,11,17,NA,11,4,15,51,28,30,13,9,17,10,27,48,29,33,16,5,17,12,11,17
2024-04-27,Binghamton,UAlbany,Away,W,10,18,NA,10,3,13,38,23,36,15,8,18,8,26,47,31,32,14,6,18,13,10,13
2024-02-06,Boston U.,"Saint Joseph's Westport, Conn.",Away,L,14,10,NA,14,7,21,36,21,35,22,10,10,5,15,45,28,34,15,14,10,18,14,7
2024-02-10,Boston U.,Vermont,Home,L,18,8,NA,18,13,31,57,36,40,16,21,8,5,13,23,18,32,27,5,8,10,18,18
2024-02-16,Boston U.,Bryant,Home,W,6,12,NA,6,3,9,41,19,24,15,14,12,9,21,48,31,46,17,11,12,19,6,13
2024-02-20,Boston U.,Brown,Away,L,16,10,NA,16,13,29,44,29,42,20,16,10,2,12,36,17,30,25,9,10,7,16,13
2024-03-02,Boston U.,Navy,Home,W,9,16,NA,9,5,14,40,23,34,17,10,16,11,27,49,30,42,15,11,16,14,9,14
2024-03-09,Boston U.,Bucknell,Home,W,13,10,NA,13,12,25,25,21,36,25,12,10,7,17,47,25,29,21,9,10,15,13,8
2024-03-16,Boston U.,Loyola Maryland,Away,L,12,10,NA,12,8,20,46,30,31,17,9,10,7,17,46,32,35,15,10,10,22,12,18
2024-03-22,Boston U.,Army West Point,Home,L,14,9,NA,14,7,21,41,20,31,13,11,9,5,14,46,24,33,14,5,9,15,14,6
2024-03-27,Boston U.,Duke,Away,W,10,11,NA,10,5,15,41,21,23,12,4,11,5,16,50,25,35,14,7,11,14,10,11
2024-03-30,Boston U.,Holy Cross,Away,W,22,6,NA,22,17,39,50,34,43,21,5,6,5,11,36,20,28,20,5,6,14,22,12
2024-04-09,Boston U.,Yale,Home,L,16,18,NA,16,8,24,64,31,34,16,10,18,11,29,35,24,41,20,6,18,6,16,15
2024-04-13,Boston U.,Lafayette,Home,L,10,11,NA,10,7,17,33,22,39,21,13,11,9,20,38,23,26,19,14,11,12,10,12
2024-04-20,Boston U.,Lehigh,Away,W,12,13,1,12,7,19,33,22,33,15,9,13,4,17,34,24,40,18,11,13,11,12,10
2024-04-26,Boston U.,Colgate,Away,L,13,12,NA,13,11,24,42,25,30,23,9,12,8,20,45,25,29,18,7,12,13,13,12
2024-04-30,Boston U.,Colgate,Home,W,18,17,3,18,11,29,57,30,54,25,10,17,14,31,49,33,45,20,11,17,16,18,12
2024-05-03,Boston U.,Army West Point,Away,L,11,10,1,11,6,17,42,27,28,18,6,10,8,18,46,25,27,12,9,10,15,11,16
2024-05-05,Boston U.,"Lehigh West Point, N.Y.",Away,W,10,11,NA,10,8,18,41,18,32,13,10,11,4,15,36,21,31,21,6,11,10,10,8
2024-02-17,Brown,Quinnipiac,Away,L,7,13,NA,7,4,11,46,22,20,13,10,13,6,19,39,22,27,16,11,13,9,7,15
2024-02-20,Brown,Boston U.,Home,L,10,16,NA,10,2,12,36,17,30,25,9,16,13,29,44,29,42,20,16,16,13,10,7
2024-02-24,Brown,Providence,Away,W,11,12,1,11,8,19,44,22,33,20,4,12,8,20,53,30,34,13,10,12,18,11,11
2024-03-02,Brown,Georgetown,Away,L,5,11,NA,5,3,8,30,19,22,15,3,11,9,20,39,22,31,16,9,11,11,5,14
2024-03-09,Brown,Maryland,Away,W,13,14,1,13,3,16,33,23,28,12,5,14,9,23,41,22,33,14,8,14,8,13,10
2024-03-16,Brown,Penn,Away,L,6,11,NA,6,4,10,43,22,34,16,9,11,6,17,29,19,22,21,6,11,8,6,16
2024-03-22,Brown,Massachusetts,Home,W,11,10,NA,11,8,19,39,24,31,14,12,10,6,16,38,26,31,16,5,10,16,11,13
2024-03-25,Brown,Villanova,Home,L,5,9,NA,5,2,7,33,16,30,18,10,9,6,15,34,21,23,18,8,9,12,5,11
2024-03-30,Brown,Yale,Home,L,10,16,NA,10,4,14,39,25,36,13,9,16,7,23,45,27,41,20,7,16,11,10,15
2024-04-06,Brown,Cornell,Away,L,8,14,NA,8,2,10,52,32,37,12,10,14,11,25,45,31,30,17,7,14,17,8,24
2024-04-13,Brown,Princeton,Home,W,13,12,NA,13,3,16,40,26,31,16,11,12,8,20,39,26,34,19,11,12,14,13,13
2024-04-20,Brown,Dartmouth,Home,W,14,11,NA,14,6,20,53,29,33,19,7,11,7,18,36,26,27,19,11,11,15,14,15
2024-04-23,Brown,Bryant,Home,W,7,10,NA,7,3,10,37,21,35,21,9,10,7,17,42,21,31,18,10,10,11,7,14
2024-04-27,Brown,Harvard,Away,W,10,11,NA,10,4,14,40,21,34,19,5,11,8,19,40,25,31,15,6,11,14,10,11
2024-02-10,Bryant,Providence,Away,L,15,13,NA,15,9,24,53,23,40,13,8,13,9,22,30,21,28,14,8,13,8,15,8
2024-02-16,Bryant,Boston U.,Away,W,12,6,NA,12,9,21,48,31,46,17,11,6,3,9,41,19,24,15,14,6,13,12,19
2024-02-20,Bryant,Harvard,Away,W,13,14,NA,13,4,17,40,22,37,20,1,14,10,24,40,28,29,10,12,14,14,13,9
2024-02-24,Bryant,Quinnipiac,Home,L,10,13,NA,10,3,13,43,28,35,17,7,13,9,22,36,21,39,13,5,13,8,10,19
2024-03-02,Bryant,Manhattan,Away,W,12,7,NA,12,8,20,38,28,37,20,7,7,4,11,31,14,30,17,12,7,7,12,16
2024-03-06,Bryant,Fairfield,Home,L,16,5,NA,16,8,24,42,25,40,15,5,5,3,8,36,23,33,12,12,5,18,16,9
2024-03-16,Bryant,UMBC,Away,W,12,13,1,12,9,21,47,26,33,16,5,13,7,20,36,19,22,18,5,13,6,12,14
2024-03-23,Bryant,UMass Lowell,Home,L,17,2,NA,17,5,22,49,30,46,12,13,2,1,3,23,12,28,25,3,2,10,17,13
2024-03-30,Bryant,NJIT,Home,L,12,8,NA,12,5,17,32,21,40,22,13,8,6,14,24,17,35,22,13,8,9,12,9
2024-04-06,Bryant,UAlbany,Away,L,13,12,NA,13,9,22,40,23,41,24,5,12,7,19,38,24,30,17,12,12,12,13,10
2024-04-13,Bryant,Vermont,Home,L,12,16,NA,12,5,17,43,35,31,12,7,16,7,23,54,31,39,15,6,16,15,12,23
2024-04-20,Bryant,Binghamton,Away,L,17,11,NA,17,10,27,48,29,33,16,5,11,4,15,51,28,30,13,9,11,17,17,12
2024-04-23,Bryant,Brown,Away,W,10,7,NA,10,7,17,42,21,31,18,10,7,3,10,37,21,35,21,9,7,14,10,11
2024-04-27,Bryant,Merrimack,Home,L,14,16,NA,14,6,20,57,34,36,9,14,16,10,26,41,26,28,18,4,16,10,14,20
2024-02-03,Bucknell,Merrimack,Away,W,10,14,NA,10,7,17,32,20,29,21,15,14,9,23,41,25,30,16,21,14,11,10,10
2024-02-10,Bucknell,Marist,Away,W,10,17,NA,10,1,11,47,28,39,15,10,17,9,26,43,26,38,16,11,17,9,10,18
2024-02-17,Bucknell,Dartmouth,Home,W,15,13,NA,15,9,24,44,23,38,17,10,13,7,20,32,21,32,18,8,13,8,15,8
2024-02-24,Bucknell,"Harvard Westport, Conn.",Away,W,12,13,NA,12,5,17,37,24,20,17,3,13,5,18,46,27,33,14,7,13,14,12,12
2024-03-02,Bucknell,Holy Cross,Home,L,12,9,NA,12,9,21,39,26,37,19,12,9,7,16,35,14,32,20,15,9,5,12,14
2024-03-09,Bucknell,Boston U.,Away,W,10,13,NA,10,7,17,47,25,29,21,9,13,12,25,25,21,36,25,12,13,8,10,15
2024-03-12,Bucknell,Richmond,Home,W,5,17,NA,5,1,6,35,17,35,23,15,17,11,28,31,24,32,23,9,17,7,5,12
2024-03-16,Bucknell,Colgate,Home,W,4,17,NA,4,3,7,28,18,24,32,10,17,10,27,51,30,51,29,19,17,13,4,14
2024-03-23,Bucknell,Lehigh,Away,W,8,9,NA,8,2,10,36,18,29,15,7,9,4,13,35,15,29,18,9,9,6,8,10
2024-03-30,Bucknell,Lafayette,Home,L,17,8,NA,17,11,28,47,30,36,14,12,8,2,10,31,19,31,23,6,8,11,17,13
2024-04-06,Bucknell,Loyola Maryland,Away,W,13,15,NA,13,4,17,38,21,34,13,8,15,7,22,38,24,29,11,9,15,9,13,8
2024-04-12,Bucknell,Le Moyne,Home,W,7,5,NA,7,5,12,30,16,33,17,9,5,2,7,36,23,27,17,7,5,18,7,9
2024-04-19,Bucknell,Army West Point,Home,L,11,19,NA,11,9,20,32,18,33,20,13,19,11,30,44,25,43,22,11,19,6,11,7
2024-04-26,Bucknell,Navy,Away,W,12,13,1,12,4,16,33,26,32,12,10,13,10,23,47,25,33,16,6,13,12,12,14
2024-02-13,Canisius,Michigan,Away,L,5,21,NA,5,3,8,23,11,15,16,2,21,17,38,49,32,40,14,12,21,11,5,6
2024-02-17,Canisius,Bellarmine,Away,L,8,7,NA,8,5,13,40,22,17,17,5,7,6,13,35,18,14,16,10,7,11,8,14
2024-02-20,Canisius,Hobart,Away,L,9,13,NA,9,6,15,28,16,25,12,7,13,8,21,53,26,35,18,8,13,13,9,7
2024-02-24,Canisius,Robert Morris,Away,L,9,8,1,9,2,11,36,16,26,20,10,8,4,12,40,23,25,17,10,8,15,9,7
2024-03-01,Canisius,Cleveland St.,Home,W,9,10,2,9,7,16,35,17,32,21,3,10,6,16,52,23,40,23,12,10,13,9,8
2024-03-09,Canisius,Quinnipiac,Home,W,7,14,NA,7,3,10,45,23,26,10,4,14,7,21,35,24,28,12,6,14,10,7,16
2024-03-12,Canisius,St. Bonaventure,Away,L,8,12,NA,8,5,13,34,18,30,15,8,12,5,17,41,23,32,15,7,12,11,8,10
2024-03-16,Canisius,Marist,Away,W,16,20,NA,16,10,26,50,28,35,10,4,20,16,36,52,33,35,6,4,20,13,16,12
2024-03-23,Canisius,Manhattan,Home,W,5,12,NA,5,1,6,36,22,45,18,5,12,4,16,32,19,20,13,8,12,7,5,17
2024-03-27,Canisius,Siena,Away,L,13,12,NA,13,6,19,42,21,41,15,7,12,7,19,48,27,30,17,8,12,15,13,8
2024-03-30,Canisius,VMI,Away,L,8,12,NA,8,5,13,41,21,24,22,5,12,4,16,42,24,24,16,8,12,12,8,13
2024-04-05,Canisius,LIU,Home,L,15,17,NA,15,8,23,40,21,48,21,7,17,9,26,37,31,36,13,5,17,14,15,6
2024-04-10,Canisius,Mount St. Mary's,Home,W,11,10,NA,11,4,15,36,26,41,21,8,10,5,15,47,22,31,22,3,10,12,11,15
2024-04-13,Canisius,Wagner,Away,L,9,7,NA,9,5,14,35,22,29,18,8,7,5,12,47,21,32,20,12,7,14,9,13
2024-04-20,Canisius,Sacred Heart,Home,L,12,13,NA,12,5,17,41,18,37,22,8,13,6,19,44,25,41,18,8,13,12,12,6
2024-02-03,Cleveland St.,VMI,Away,L,12,11,1,12,4,16,37,22,22,17,3,11,5,16,41,25,28,18,7,11,14,12,10
2024-02-10,Cleveland St.,Ohio St.,Away,L,6,13,NA,6,2,8,33,21,23,14,7,13,6,19,54,25,42,16,5,13,12,6,15
2024-02-14,Cleveland St.,Notre Dame,Away,L,3,25,NA,3,1,4,17,13,14,19,5,25,18,43,49,35,44,10,10,25,10,3,10
2024-02-24,Cleveland St.,High Point,Home,L,11,18,NA,11,4,15,27,19,27,22,9,18,10,28,38,29,42,23,12,18,11,11,8
2024-03-01,Cleveland St.,Canisius,Away,W,10,9,2,10,6,16,52,23,40,23,12,9,7,16,35,17,32,21,3,9,8,10,13
2024-03-09,Cleveland St.,St. Bonaventure,Home,L,10,8,NA,10,5,15,44,17,42,23,12,8,4,12,22,15,27,23,8,8,7,10,7
2024-03-16,Cleveland St.,Lindenwood,Away,W,10,7,NA,10,4,14,41,18,31,21,5,7,4,11,27,15,31,17,7,7,8,10,8
2024-03-23,Cleveland St.,Robert Morris,Home,L,13,6,NA,13,6,19,35,19,31,24,6,6,6,12,37,17,30,28,10,6,11,13,6
2024-03-27,Cleveland St.,Jacksonville,Away,L,6,18,NA,6,2,8,28,17,27,13,8,18,16,34,43,30,32,15,11,18,12,6,11
2024-03-31,Cleveland St.,Air Force,Away,L,9,12,NA,9,5,14,28,19,25,17,6,12,9,21,41,26,34,12,10,12,14,9,10
2024-04-06,Cleveland St.,Mercer,Home,L,16,9,NA,16,10,26,37,28,37,18,9,9,7,16,36,21,38,19,11,9,12,16,12
2024-04-10,Cleveland St.,Queens (NC),Home,L,12,7,NA,12,7,19,41,25,40,17,4,7,2,9,39,26,26,10,7,7,19,12,13
2024-04-13,Cleveland St.,Bellarmine,Away,L,9,14,NA,9,8,17,41,21,18,14,1,14,5,19,34,25,30,12,7,14,11,9,12
2024-04-20,Cleveland St.,Utah,Home,W,7,16,NA,7,3,10,28,21,34,25,7,16,14,30,59,34,46,17,16,16,18,7,14
2024-04-27,Cleveland St.,Detroit Mercy,Away,W,13,8,NA,13,9,22,39,23,20,8,9,8,2,10,32,21,30,20,4,8,13,13,10
2024-04-30,Cleveland St.,"Bellarmine USAF Academy, Colo.",Away,L,15,12,NA,15,8,23,38,22,26,15,6,12,12,24,37,24,28,12,5,12,12,15,7
2024-05-03,Cleveland St.,"Utah USAF Academy, Colo.",Away,L,5,21,NA,5,1,6,28,18,31,23,3,21,15,36,63,34,41,12,13,21,13,5,13
2024-02-03,Colgate,Penn St.,Away,L,13,12,NA,13,2,15,37,20,37,21,15,12,10,22,43,25,39,25,12,12,13,13,7
2024-02-05,Colgate,Syracuse,Away,W,10,18,NA,10,8,18,37,21,27,18,10,18,15,33,59,36,59,21,15,18,18,10,11
2024-02-11,Colgate,Hobart,Away,L,16,11,NA,16,9,25,52,29,31,17,6,11,8,19,44,25,26,20,5,11,14,16,13
2024-02-17,Colgate,UAlbany,Away,L,11,10,NA,11,6,17,35,24,37,20,16,10,8,18,34,23,40,27,12,10,13,11,13
2024-02-21,Colgate,"Yale Albany, N.Y.",Away,W,11,21,NA,11,4,15,38,25,42,27,12,21,11,32,47,37,50,27,15,21,16,11,14
2024-02-24,Colgate,Villanova,Away,L,9,15,NA,9,5,14,32,18,20,27,11,15,13,28,39,26,34,18,16,15,11,9,9
2024-03-02,Colgate,Loyola Maryland,Home,W,14,11,NA,14,7,21,38,24,30,19,1,11,6,17,47,31,22,11,8,11,20,14,10
2024-03-09,Colgate,Lafayette,Home,W,16,10,NA,16,14,30,46,25,26,19,11,10,7,17,28,19,21,24,6,10,9,16,9
2024-03-16,Colgate,Bucknell,Away,W,17,4,NA,17,10,27,51,30,51,29,19,4,3,7,28,18,24,32,10,4,14,17,13
2024-03-30,Colgate,Navy,Away,L,9,10,NA,9,5,14,48,24,37,23,11,10,8,18,39,23,32,20,8,10,13,9,15
2024-04-06,Colgate,Army West Point,Away,L,14,11,NA,14,9,23,31,20,27,30,13,11,8,19,47,29,40,24,18,11,18,14,6
2024-04-13,Colgate,Lehigh,Home,L,7,9,NA,7,5,12,34,17,26,17,11,9,7,16,25,13,25,23,4,9,4,7,10
2024-04-20,Colgate,Holy Cross,Away,W,18,8,NA,18,10,28,52,32,43,19,17,8,8,16,31,18,36,28,5,8,10,18,14
2024-04-26,Colgate,Boston U.,Home,L,12,13,NA,12,8,20,45,25,29,18,7,13,11,24,42,25,30,23,9,13,12,12,13
2024-04-30,Colgate,Boston U.,Away,W,17,18,3,17,14,31,49,33,45,20,11,18,11,29,57,30,54,25,10,18,12,17,16
2024-02-17,Cornell,Lehigh,Home,W,17,13,NA,17,10,27,45,28,46,18,7,13,2,15,44,27,33,14,7,13,14,17,11
2024-02-24,Cornell,Denver,Away,W,16,17,NA,16,9,25,43,28,26,13,1,17,13,30,48,28,42,7,6,17,11,16,12
2024-02-27,Cornell,Hobart,Home,L,23,7,NA,23,12,35,49,33,37,13,9,7,2,9,44,22,26,16,3,7,15,23,10
2024-03-02,Cornell,Ohio St.,Home,W,15,11,NA,15,7,22,39,26,32,13,8,11,6,17,41,24,30,21,8,11,13,15,11
2024-03-09,Cornell,Penn St.,Away,L,9,20,NA,9,7,16,40,24,33,17,10,20,12,32,48,31,30,14,9,20,11,9,15
2024-03-17,Cornell,Princeton,Away,L,15,14,NA,15,10,25,46,26,40,15,9,14,5,19,48,26,38,15,14,14,12,15,11
2024-03-23,Cornell,Yale,Home,W,18,15,NA,18,11,29,39,32,33,13,10,15,6,21,48,28,44,14,8,15,13,18,14
2024-03-30,Cornell,Penn,Away,W,10,11,2,10,5,15,36,27,25,18,7,11,6,17,33,22,22,16,10,11,11,10,17
2024-04-02,Cornell,Syracuse,Home,W,18,17,2,18,12,30,55,33,33,13,14,17,14,31,42,32,36,20,9,17,15,18,15
2024-04-06,Cornell,Brown,Home,L,14,8,NA,14,11,25,45,31,30,17,7,8,2,10,52,32,37,12,10,8,24,14,17
2024-04-14,Cornell,"Notre Dame Brookvill, NY",Away,W,17,18,NA,17,12,29,45,30,40,12,6,18,8,26,50,32,39,11,6,18,14,17,13
2024-04-20,Cornell,Harvard,Home,L,15,8,NA,15,11,26,41,28,34,21,11,8,4,12,35,24,31,23,11,8,16,15,13
2024-04-27,Cornell,Dartmouth,Away,L,15,10,NA,15,11,26,52,35,30,11,7,10,7,17,50,28,49,18,5,10,18,15,20
2024-05-03,Cornell,Penn,Home,W,9,13,NA,9,5,14,45,28,33,8,10,13,5,18,35,24,28,14,1,13,11,9,19
2024-02-17,Dartmouth,Bucknell,Away,W,13,15,NA,13,7,20,32,21,32,18,8,15,9,24,44,23,38,17,10,15,8,13,8
2024-02-24,Dartmouth,Holy Cross,Home,L,14,8,NA,14,11,25,38,24,37,17,10,8,4,12,34,23,38,19,10,8,15,14,10
2024-02-26,Dartmouth,"Lehigh Hartford, Conn.",Away,L,6,11,NA,6,0,6,32,21,38,18,10,11,5,16,32,21,40,23,14,11,10,6,15
2024-03-02,Dartmouth,Siena,Away,L,12,11,NA,12,9,21,43,27,42,17,9,11,7,18,33,20,29,25,10,11,9,12,15
2024-03-05,Dartmouth,"Stony Brook Avon, Conn.",Away,W,12,15,NA,12,7,19,45,26,39,21,8,15,7,22,43,25,37,14,10,15,10,12,14
2024-03-14,Dartmouth,Vermont,Away,L,11,10,NA,11,9,20,30,21,28,20,8,10,4,14,40,21,34,18,11,10,11,11,10
2024-03-19,Dartmouth,Georgetown,Away,L,9,21,NA,9,8,17,27,20,25,18,6,21,12,33,44,33,43,16,11,21,12,9,11
2024-03-23,Dartmouth,Penn,Home,W,8,11,NA,8,6,14,31,18,37,24,14,11,7,18,32,20,49,25,12,11,9,8,10
2024-03-30,Dartmouth,Princeton,Away,L,5,15,NA,5,0,5,30,20,21,14,6,15,9,24,55,36,31,9,9,15,21,5,15
2024-04-06,Dartmouth,Harvard,Away,L,7,13,NA,7,2,9,33,18,38,24,6,13,9,22,47,25,43,14,14,13,12,7,11
2024-04-13,Dartmouth,Yale,Home,L,13,20,NA,13,8,21,36,27,44,20,8,20,12,32,65,39,43,12,11,20,19,13,14
2024-04-20,Dartmouth,Brown,Away,W,11,14,NA,11,7,18,36,26,27,19,11,14,6,20,53,29,33,19,7,14,15,11,15
2024-04-27,Dartmouth,Cornell,Home,L,10,15,NA,10,7,17,50,28,49,18,5,15,11,26,52,35,30,11,7,15,20,10,18
2024-02-10,Delaware,Lafayette,Home,L,14,6,NA,14,10,24,65,32,44,13,11,6,5,11,36,20,21,21,6,6,14,14,18
2024-02-17,Delaware,St. John's (NY),Away,W,17,6,NA,17,8,25,60,28,30,14,1,6,3,9,30,17,23,14,3,6,11,17,11
2024-02-24,Delaware,Penn,Away,W,10,11,NA,10,3,13,39,26,29,6,6,11,8,19,45,26,36,17,3,11,15,10,16
2024-03-02,Delaware,Michigan,Home,W,8,13,NA,8,5,13,36,20,25,20,9,13,6,19,31,22,32,22,14,13,9,8,12
2024-03-09,Delaware,Monmouth,Away,W,16,7,NA,16,8,24,45,23,47,17,10,7,2,9,27,16,26,11,6,7,9,16,7
2024-03-16,Delaware,"Syracuse Chantilly, Va.",Away,L,6,14,NA,6,3,9,37,23,20,10,2,14,11,25,50,34,26,9,5,14,20,6,17
2024-03-23,Delaware,Hofstra,Home,W,13,10,NA,13,9,22,29,20,29,14,6,10,2,12,41,21,23,11,5,10,11,13,7
2024-03-30,Delaware,Hampton,Away,W,21,3,NA,21,15,36,52,39,39,9,14,3,1,4,20,13,25,24,4,3,10,21,18
2024-04-06,Delaware,Fairfield,Away,W,14,6,NA,14,8,22,50,29,22,10,14,6,1,7,32,21,26,20,8,6,15,14,15
2024-04-13,Delaware,Stony Brook,Home,W,16,12,NA,16,11,27,49,29,30,13,7,12,6,18,43,33,28,10,4,12,21,16,13
2024-04-20,Delaware,Drexel,Away,W,13,6,NA,13,7,20,56,34,38,10,9,6,2,8,38,23,24,17,3,6,17,13,21
2024-04-26,Delaware,Towson,Home,L,10,11,NA,10,6,16,44,24,32,18,7,11,6,17,44,24,29,10,11,11,13,10,14
2024-05-02,Delaware,"Fairfield Towson, Md.",Away,L,13,12,1,13,2,15,46,23,34,15,5,12,8,20,41,27,27,10,6,12,15,13,10
2024-05-04,Delaware,Towson,Away,L,6,15,NA,6,6,12,27,12,22,24,10,15,10,25,42,27,35,20,13,15,12,6,6
2024-02-03,Denver,Johns Hopkins,Away,L,13,12,1,13,7,20,46,25,24,9,3,12,7,19,35,20,21,15,3,12,8,13,12
2024-02-10,Denver,Air Force,Home,L,11,9,NA,11,7,18,31,21,35,28,14,9,5,14,33,23,32,21,18,9,14,11,10
2024-02-17,Denver,Utah,Away,W,16,8,NA,16,7,23,38,25,29,18,13,8,4,12,42,22,30,17,6,8,14,16,9
2024-02-24,Denver,Cornell,Home,W,17,16,NA,17,13,30,48,28,42,7,6,16,9,25,43,28,26,13,1,16,12,17,11
2024-03-02,Denver,Le Moyne,Home,L,15,6,NA,15,9,24,52,29,30,9,12,6,2,8,18,7,20,21,4,6,1,15,14
2024-03-10,Denver,Yale,Home,L,13,15,NA,13,8,21,43,24,17,14,4,15,7,22,57,26,28,15,5,15,11,13,11
2024-03-17,Denver,Ohio St.,Away,L,9,6,NA,9,4,13,35,19,24,18,5,6,4,10,34,19,30,17,11,6,13,9,10
2024-03-24,Denver,"Duke Severn, Md.",Away,L,7,11,NA,7,0,7,33,16,29,15,2,11,5,16,31,21,20,13,5,11,10,7,9
2024-03-30,Denver,Villanova,Away,L,9,6,NA,9,6,15,35,22,28,23,14,6,2,8,30,13,21,22,12,6,7,9,13
2024-04-05,Denver,St. John's (NY),Home,L,18,8,NA,18,15,33,46,30,33,11,7,8,3,11,28,14,20,15,6,8,6,18,12
2024-04-13,Denver,Georgetown,Home,L,10,8,NA,10,6,16,34,17,29,15,7,8,6,14,31,18,30,17,6,8,10,10,7
2024-04-20,Denver,Providence,Away,L,7,4,NA,7,3,10,38,16,32,21,10,4,1,5,28,14,25,17,9,4,10,7,9
2024-04-26,Denver,Marquette,Home,L,15,9,NA,15,9,24,33,22,33,13,10,9,3,12,32,16,25,17,7,9,7,15,7
2024-05-02,Denver,Villanova,Away,L,9,10,NA,9,6,15,40,21,36,22,11,10,6,16,39,17,31,20,15,10,7,9,12
2024-05-11,Denver,Michigan,Home,W,16,11,NA,16,12,28,41,24,31,13,9,11,7,18,41,21,23,13,4,11,10,16,8
2024-05-19,Denver,"Syracuse Towson, Md.",Away,W,10,8,NA,10,4,14,38,19,31,18,10,8,3,11,36,18,37,13,9,8,10,10,9
2024-05-25,Denver,"Notre Dame Philadelphia, Pa.",Away,L,6,13,NA,6,2,8,30,18,24,15,12,13,7,20,35,23,44,20,10,13,10,6,12
2024-02-13,Detroit Mercy,Marquette,Away,L,8,22,NA,8,3,11,36,20,21,17,5,22,12,34,47,33,28,16,7,22,11,8,12
2024-03-02,Detroit Mercy,"VMI Powell, Ohio",Away,W,10,15,NA,10,4,14,35,22,20,22,6,15,7,22,45,28,41,22,8,15,13,10,12
2024-03-05,Detroit Mercy,Rutgers,Away,L,5,17,NA,5,2,7,26,14,25,19,7,17,7,24,53,29,39,12,8,17,12,5,9
2024-03-12,Detroit Mercy,Ohio St.,Away,W,10,16,NA,10,4,14,24,15,28,16,9,16,6,22,52,31,52,13,8,16,15,10,5
2024-03-16,Detroit Mercy,Mercer,Home,L,11,17,NA,11,3,14,38,25,34,21,12,17,9,26,54,36,54,15,14,17,19,11,14
2024-03-20,Detroit Mercy,Robert Morris,Away,W,12,13,1,12,7,19,38,26,16,16,7,13,9,22,50,30,41,17,8,13,17,12,14
2024-03-23,Detroit Mercy,Utah,Away,L,9,21,NA,9,3,12,31,22,24,17,6,21,15,36,63,40,41,14,12,21,19,9,13
2024-03-30,Detroit Mercy,Queens (NC),Home,L,12,7,NA,12,5,17,44,25,25,12,8,7,4,11,37,19,33,22,7,7,12,12,13
2024-04-06,Detroit Mercy,Lindenwood,Away,W,12,8,NA,12,7,19,46,23,33,13,2,8,3,11,43,24,24,9,2,8,16,12,11
2024-04-10,Detroit Mercy,Jacksonville,Home,W,9,21,NA,9,3,12,32,20,26,15,7,21,15,36,50,34,34,11,9,21,13,9,11
2024-04-13,Detroit Mercy,Air Force,Home,W,3,14,NA,3,2,5,30,17,24,15,5,14,9,23,44,26,31,16,7,14,12,3,14
2024-04-20,Detroit Mercy,Bellarmine,Away,L,18,10,NA,18,8,26,40,25,15,12,7,10,5,15,43,28,21,14,7,10,18,18,7
2024-04-27,Detroit Mercy,Cleveland St.,Home,W,8,13,NA,8,2,10,32,21,30,20,4,13,9,22,39,23,20,8,9,13,10,8,13
2024-02-16,Drexel,UMBC,Away,L,11,10,2,11,5,16,34,20,25,17,2,10,6,16,49,25,23,11,6,10,15,11,9
2024-02-20,Drexel,Lafayette,Away,W,7,8,NA,7,5,12,36,24,29,13,7,8,4,12,42,22,25,14,8,8,14,7,17
2024-02-24,Drexel,UAlbany,Home,W,13,12,1,13,6,19,45,27,37,16,6,12,5,17,54,29,25,15,10,12,17,13,14
2024-03-02,Drexel,Sacred Heart,Home,L,12,6,NA,12,7,19,47,30,30,10,5,6,2,8,33,19,16,19,3,6,13,12,18
2024-03-05,Drexel,Villanova,Home,L,12,13,2,12,10,22,31,19,25,20,9,13,7,20,51,24,40,21,11,13,11,12,7
2024-03-10,Drexel,Saint Joseph's,Away,L,6,15,NA,6,3,9,26,10,22,20,5,15,5,20,46,29,32,11,10,15,14,6,4
2024-03-16,Drexel,Towson,Home,L,11,16,NA,11,4,15,29,18,20,17,6,16,11,27,43,28,29,15,8,16,12,11,7
2024-03-23,Drexel,Virginia,Away,L,4,14,NA,4,2,6,35,18,38,24,9,14,9,23,55,32,50,19,19,14,18,4,14
2024-03-25,Drexel,Hampton,Away,W,16,5,NA,16,8,24,56,33,52,25,14,5,1,6,40,18,29,23,11,5,13,16,17
2024-03-30,Drexel,Fairfield,Home,L,13,18,NA,13,8,21,36,22,31,21,8,18,8,26,47,32,27,16,12,18,14,13,9
2024-04-06,Drexel,Stony Brook,Away,L,8,13,NA,8,6,14,43,19,19,14,1,13,8,21,42,21,33,12,5,13,8,8,11
2024-04-13,Drexel,Hofstra,Away,L,13,12,NA,13,9,22,38,22,34,14,11,12,7,19,38,20,34,17,5,12,8,13,9
2024-04-20,Drexel,Delaware,Home,W,6,13,NA,6,2,8,38,23,24,17,3,13,7,20,56,34,38,10,9,13,21,6,17
2024-04-26,Drexel,Monmouth,Away,L,6,4,NA,6,5,11,41,20,28,19,7,4,2,6,33,17,20,18,8,4,13,6,14
2024-05-02,Drexel,Towson,Away,L,8,18,NA,8,5,13,33,19,24,14,8,18,14,32,47,26,35,14,4,18,8,8,11
2024-02-03,Duke,Bellarmine,Home,W,20,12,NA,20,11,31,62,38,38,16,8,12,9,21,40,21,20,16,5,12,9,20,18
2024-02-10,Duke,High Point,Away,W,21,9,NA,21,14,35,42,34,47,20,13,9,6,15,44,27,30,19,12,9,18,21,13
2024-02-17,Duke,Saint Joseph's,Home,W,19,10,NA,19,10,29,39,27,46,19,15,10,6,16,40,25,25,16,7,10,15,19,8
2024-02-23,Duke,Jacksonville,Home,L,23,7,NA,23,8,31,49,32,34,13,12,7,4,11,41,22,34,21,5,7,15,23,9
2024-03-01,Duke,Penn,Home,L,12,14,NA,12,6,18,47,29,33,14,11,14,10,24,42,26,32,16,8,14,12,12,17
2024-03-03,Duke,Princeton,Home,L,17,8,NA,17,7,24,47,34,28,8,10,8,5,13,40,24,33,13,6,8,16,17,17
2024-03-09,Duke,Loyola Maryland,Away,L,16,10,NA,16,9,25,41,29,36,16,12,10,4,14,25,16,28,18,6,10,6,16,13
2024-03-13,Duke,Providence,Home,L,21,6,NA,21,14,35,40,29,41,19,10,6,2,8,29,16,26,20,8,6,10,21,8
2024-03-16,Duke,Richmond,Away,W,12,3,NA,12,8,20,44,21,23,13,7,3,2,5,30,15,20,17,5,3,12,12,9
2024-03-20,Duke,Syracuse,Away,L,4,10,NA,4,1,5,36,18,24,19,3,10,8,18,36,24,26,10,6,10,14,4,14
2024-03-24,Duke,"Denver Severn, Md.",Away,W,11,7,NA,11,5,16,31,21,20,13,5,7,0,7,33,16,29,15,2,7,9,11,10
2024-03-27,Duke,Boston U.,Home,W,11,10,NA,11,5,16,50,25,35,14,7,10,5,15,41,21,23,12,4,10,11,11,14
2024-04-07,Duke,Notre Dame,Home,L,12,15,NA,12,6,18,53,26,34,16,6,15,7,22,46,25,25,13,9,15,10,12,14
2024-04-14,Duke,Virginia,Home,W,18,12,NA,18,6,24,42,23,34,18,8,12,6,18,45,25,47,15,11,12,13,18,5
2024-04-27,Duke,North Carolina,Away,W,12,15,NA,12,6,18,45,27,25,13,5,15,9,24,50,28,39,16,8,15,13,12,15
2024-05-03,Duke,"Syracuse Charlotte, NC",Away,L,18,13,NA,18,7,25,40,25,33,12,7,13,7,20,44,25,27,14,3,13,12,18,7
2024-05-05,Duke,"Notre Dame Charlotte, NC",Away,L,6,16,NA,6,5,11,29,18,17,11,3,16,9,25,36,23,28,11,4,16,7,6,12
2024-05-11,Duke,Utah,Home,L,19,7,NA,19,14,33,36,24,30,18,9,7,3,10,39,18,24,16,8,7,11,19,5
2024-05-18,Duke,"Maryland Hempstead, New York",Away,W,11,14,NA,11,7,18,28,22,22,10,10,14,6,20,39,22,36,18,2,14,8,11,11
2024-02-10,Fairfield,Lehigh,Home,L,7,8,NA,7,7,14,37,20,24,15,13,8,2,10,35,15,28,21,8,8,7,7,13
2024-02-17,Fairfield,"North Carolina Bethesda, Md.",Away,L,8,19,NA,8,0,8,35,19,29,23,6,19,11,30,56,29,44,17,13,19,10,8,11
2024-02-21,Fairfield,Sacred Heart,Away,L,9,13,NA,9,5,14,42,20,27,15,9,13,6,19,41,23,37,24,11,13,10,9,11
2024-02-24,Fairfield,Wagner,Home,L,14,9,NA,14,12,26,54,26,37,12,17,9,6,15,29,15,13,21,4,9,6,14,12
2024-03-02,Fairfield,Providence,Home,W,14,12,NA,14,10,24,28,24,21,13,4,12,7,19,47,27,21,6,6,12,15,14,10
2024-03-06,Fairfield,Bryant,Away,L,5,16,NA,5,3,8,36,23,33,12,12,16,8,24,42,25,40,15,5,16,9,5,18
2024-03-09,Fairfield,UMass Lowell,Away,W,14,6,NA,14,9,23,48,31,40,8,12,6,2,8,31,15,30,21,3,6,9,14,17
2024-03-16,Fairfield,Hofstra,Home,W,12,11,NA,12,8,20,45,27,33,16,13,11,7,18,39,21,26,19,5,11,10,12,15
2024-03-23,Fairfield,Towson,Home,L,10,12,NA,10,5,15,38,17,37,19,10,12,6,18,40,22,38,16,13,12,10,10,7
2024-03-30,Fairfield,Drexel,Away,L,18,13,NA,18,8,26,47,32,27,16,12,13,8,21,36,22,31,21,8,13,9,18,14
2024-04-06,Fairfield,Delaware,Home,W,6,14,NA,6,1,7,32,21,26,20,8,14,8,22,50,29,22,10,14,14,15,6,15
2024-04-13,Fairfield,Monmouth,Away,L,11,10,NA,11,5,16,32,19,32,20,8,10,6,16,45,22,33,20,8,10,12,11,8
2024-04-20,Fairfield,Stony Brook,Home,W,11,10,NA,11,8,19,47,24,27,16,12,10,5,15,37,20,22,17,10,10,10,11,13
2024-04-27,Fairfield,Hampton,Away,W,18,8,NA,18,13,31,46,32,41,18,12,8,6,14,29,17,35,24,11,8,9,18,14
2024-05-02,Fairfield,"Delaware Towson, Md.",Away,W,12,13,1,12,8,20,41,27,27,10,6,13,2,15,46,23,34,15,5,13,10,12,15
2024-02-03,Georgetown,Loyola Maryland,Away,W,10,18,NA,10,4,14,44,21,29,17,4,18,11,29,41,26,26,12,11,18,8,10,11
2024-02-10,Georgetown,Johns Hopkins,Home,W,9,11,NA,9,4,13,43,20,30,15,5,11,6,17,44,22,28,13,9,11,11,9,11
2024-02-17,Georgetown,Penn,Away,W,12,9,NA,12,9,21,40,23,30,15,4,9,5,14,36,21,18,10,5,9,12,12,11
2024-02-25,Georgetown,Notre Dame,Away,L,11,10,1,11,6,17,35,19,18,17,6,10,5,15,36,21,26,15,10,10,11,11,8
2024-03-02,Georgetown,Brown,Home,L,11,5,NA,11,9,20,39,22,31,16,9,5,3,8,30,19,22,15,3,5,14,11,11
2024-03-05,Georgetown,High Point,Away,W,14,8,NA,14,8,22,45,26,40,13,8,8,4,12,36,17,26,10,6,8,9,14,12
2024-03-19,Georgetown,Dartmouth,Home,L,21,9,NA,21,12,33,44,33,43,16,11,9,8,17,27,20,25,18,6,9,11,21,12
2024-03-23,Georgetown,Richmond,Away,W,14,8,NA,14,10,24,27,24,33,18,7,8,6,14,41,22,25,11,7,8,14,14,10
2024-03-30,Georgetown,Providence,Away,L,15,10,NA,15,12,27,38,27,34,13,8,10,3,13,26,16,25,16,6,10,6,15,12
2024-04-06,Georgetown,Marquette,Home,L,11,8,NA,11,6,17,33,21,28,8,9,8,4,12,37,22,25,15,2,8,14,11,10
2024-04-13,Georgetown,Denver,Away,L,8,10,NA,8,6,14,31,18,30,17,6,10,6,16,34,17,29,15,7,10,7,8,10
2024-04-20,Georgetown,St. John's (NY),Home,L,20,6,NA,20,13,33,52,40,46,9,7,6,5,11,31,21,29,15,5,6,15,20,20
2024-04-26,Georgetown,Villanova,Away,W,12,4,NA,12,10,22,43,21,31,16,11,4,2,6,19,11,21,20,11,4,7,12,9
2024-05-02,Georgetown,"Providence Villanova, Pa.",Away,L,14,13,1,14,9,23,41,23,33,14,8,13,7,20,44,21,30,14,5,13,8,14,9
2024-05-04,Georgetown,Villanova,Away,L,11,10,1,11,7,18,41,23,32,18,7,10,5,15,37,22,27,13,11,10,12,11,12
2024-05-12,Georgetown,Penn St.,Home,L,12,9,NA,12,7,19,48,25,37,12,11,9,6,15,39,19,39,18,8,9,10,12,13
2024-05-18,Georgetown,"Notre Dame Hempstead, New York",Away,W,11,16,NA,11,7,18,33,19,23,11,6,16,8,24,43,24,30,15,4,16,8,11,8
2024-02-04,Hampton,Mercer,Away,L,5,20,NA,5,2,7,35,17,26,22,2,20,9,29,52,31,52,23,5,20,11,5,12
2024-02-17,Hampton,Lafayette,Away,W,2,22,NA,2,1,3,15,8,26,23,7,22,12,34,55,40,40,15,12,22,18,2,6
2024-02-20,Hampton,VMI,Home,W,6,25,NA,6,4,10,28,19,29,23,9,25,16,41,55,42,49,18,9,25,17,6,13
2024-02-24,Hampton,Queens (NC),Away,L,7,14,NA,7,3,10,35,18,24,25,13,14,11,25,50,35,39,28,12,14,21,7,11
2024-02-27,Hampton,Bellarmine,Home,W,7,23,NA,7,3,10,38,21,27,21,13,23,15,38,54,32,48,23,11,23,9,7,14
2024-03-02,Hampton,Stony Brook,Away,W,2,23,NA,2,0,2,22,9,26,29,8,23,14,37,59,37,52,20,11,23,14,2,7
2024-03-12,Hampton,High Point,Home,W,5,27,NA,5,2,7,35,22,37,29,9,27,17,44,52,37,51,20,17,27,10,5,17
2024-03-25,Hampton,Drexel,Home,W,5,16,NA,5,1,6,40,18,29,23,11,16,8,24,56,33,52,25,14,16,17,5,13
2024-03-30,Hampton,Delaware,Home,W,3,21,NA,3,1,4,20,13,25,24,4,21,15,36,52,39,39,9,14,21,18,3,10
2024-04-06,Hampton,Monmouth,Away,L,4,15,NA,4,1,5,26,13,26,20,1,15,7,22,50,26,32,13,4,15,11,4,9
2024-04-13,Hampton,Towson,Home,L,2,25,NA,2,1,3,29,14,22,25,6,25,19,44,59,42,49,14,15,25,17,2,12
2024-04-20,Hampton,Hofstra,Away,L,5,21,NA,5,4,9,26,12,27,24,7,21,15,36,53,33,47,14,10,21,12,5,7
2024-04-27,Hampton,Fairfield,Home,W,8,18,NA,8,6,14,29,17,35,24,11,18,13,31,46,32,41,18,12,18,14,8,9
2024-02-17,Harvard,Providence,Home,L,23,7,NA,23,12,35,43,33,43,13,11,7,4,11,29,18,26,20,6,7,11,23,10
2024-02-20,Harvard,Bryant,Home,W,14,13,NA,14,10,24,40,28,29,10,12,13,4,17,40,22,37,20,1,13,9,14,14
2024-02-24,Harvard,"Bucknell Westport, Conn.",Away,L,13,12,NA,13,5,18,46,27,33,14,7,12,5,17,37,24,20,17,3,12,12,13,14
2024-02-27,Harvard,Merrimack,Home,L,23,8,NA,23,14,37,55,36,53,20,14,8,7,15,31,15,24,27,6,8,7,23,13
2024-03-02,Harvard,Vermont,Away,L,15,12,NA,15,7,22,47,34,35,15,11,12,7,19,25,21,39,21,10,12,9,15,19
2024-03-10,Harvard,Michigan,Away,L,13,11,NA,13,6,19,39,24,21,11,6,11,6,17,55,20,29,13,7,11,9,13,11
2024-03-16,Harvard,Yale,Away,W,15,17,NA,15,6,21,35,24,33,14,6,17,12,29,52,36,42,12,11,17,19,15,9
2024-03-23,Harvard,Princeton,Home,L,11,14,NA,11,7,18,32,17,18,15,6,14,8,22,54,34,36,17,5,14,20,11,6
2024-03-30,Harvard,Virginia,Home,L,10,13,NA,10,7,17,45,27,44,19,12,13,9,22,45,23,41,17,12,13,10,10,17
2024-04-06,Harvard,Dartmouth,Home,L,13,7,NA,13,9,22,47,25,43,14,14,7,2,9,33,18,38,24,6,7,11,13,12
2024-04-13,Harvard,Penn,Away,W,12,15,NA,12,5,17,38,30,22,11,8,15,13,28,45,29,31,15,2,15,14,12,18
2024-04-20,Harvard,Cornell,Away,L,8,15,NA,8,4,12,35,24,31,23,11,15,11,26,41,28,34,21,11,15,13,8,16
2024-04-27,Harvard,Brown,Home,W,11,10,NA,11,8,19,40,25,31,15,6,10,4,14,40,21,34,19,5,10,11,11,14
2024-02-03,High Point,Mercer,Home,L,14,7,NA,14,8,22,57,30,47,15,14,7,5,12,34,16,27,20,5,7,9,14,16
2024-02-10,High Point,Duke,Home,W,9,21,NA,9,6,15,44,27,30,19,12,21,14,35,42,34,47,20,13,21,13,9,18
2024-02-16,High Point,VMI,Home,L,19,9,NA,19,13,32,54,38,45,12,8,9,6,15,36,18,30,14,9,9,9,19,19
2024-02-18,High Point,Queens (NC),Away,W,17,8,NA,17,14,31,57,37,39,13,9,8,3,11,28,16,20,22,2,8,8,17,20
2024-02-24,High Point,Cleveland St.,Away,L,18,11,NA,18,10,28,38,29,42,23,12,11,4,15,27,19,27,22,9,11,8,18,11
2024-03-02,High Point,Syracuse,Away,W,13,19,NA,13,6,19,40,27,38,12,5,19,7,26,54,36,37,12,9,19,17,13,14
2024-03-05,High Point,Georgetown,Home,W,8,14,NA,8,4,12,36,17,26,10,6,14,8,22,45,26,40,13,8,14,12,8,9
2024-03-09,High Point,"Jacksonville Charlotte, NC",Away,L,9,10,NA,9,5,14,55,19,19,16,9,10,6,16,29,22,24,16,10,10,12,9,10
2024-03-12,High Point,Hampton,Away,W,27,5,NA,27,17,44,52,37,51,20,17,5,2,7,35,22,37,29,9,5,17,27,10
2024-03-23,High Point,North Carolina,Away,L,12,11,NA,12,6,18,39,20,31,19,3,11,5,16,38,22,27,13,8,11,11,12,8
2024-03-30,High Point,Saint Joseph's,Away,L,7,15,NA,7,4,11,33,22,28,21,7,15,3,18,45,29,35,13,10,15,14,7,15
2024-04-05,High Point,St. Bonaventure,Home,L,18,7,NA,18,12,30,47,28,45,15,13,7,4,11,33,18,19,17,10,7,11,18,10
2024-04-13,High Point,Richmond,Home,L,5,9,NA,5,2,7,42,17,27,18,12,9,4,13,29,18,33,17,12,9,9,5,12
2024-04-20,High Point,Hobart,Away,L,11,10,NA,11,6,17,52,24,36,16,11,10,6,16,51,23,32,16,12,10,13,11,13
2024-04-26,High Point,Massachusetts,Home,W,17,10,NA,17,13,30,41,31,34,13,9,10,4,14,38,21,29,13,6,10,11,17,14
2024-05-02,High Point,"Richmond Amherst, Mass.",Away,W,10,11,NA,10,6,16,41,20,38,21,8,11,7,18,47,22,33,14,8,11,11,10,10
2024-02-03,Hofstra,Wagner,Home,L,21,9,NA,21,13,34,57,35,33,11,8,9,5,14,28,16,19,21,1,9,7,21,14
2024-02-10,Hofstra,Navy,Away,L,8,16,NA,8,6,14,31,22,27,15,7,16,9,25,43,24,28,16,5,16,8,8,14
2024-02-13,Hofstra,St. John's (NY),Home,W,17,13,NA,17,10,27,49,27,40,18,4,13,5,18,46,32,29,13,1,13,19,17,10
2024-02-17,Hofstra,Siena,Home,W,14,12,NA,14,6,20,49,26,40,20,10,12,10,22,30,19,29,22,11,12,7,14,12
2024-02-24,Hofstra,Marist,Home,L,10,12,NA,10,7,17,55,23,28,16,8,12,6,18,40,21,19,14,4,12,9,10,13
2024-03-02,Hofstra,Rutgers,Away,L,8,13,NA,8,5,13,33,19,27,18,4,13,5,18,46,25,25,11,5,13,12,8,11
2024-03-09,Hofstra,North Carolina,Home,W,9,21,NA,9,4,13,38,20,27,18,3,21,16,37,57,34,43,13,10,21,13,9,11
2024-03-16,Hofstra,Fairfield,Away,W,11,12,NA,11,7,18,39,21,26,19,5,12,8,20,45,27,33,16,13,12,15,11,10
2024-03-23,Hofstra,Delaware,Away,W,10,13,NA,10,2,12,41,21,23,11,5,13,9,22,29,20,29,14,6,13,7,10,11
2024-03-30,Hofstra,Monmouth,Home,W,8,7,1,8,7,15,43,26,33,13,6,7,3,10,31,17,33,16,3,7,10,8,18
2024-04-06,Hofstra,Towson,Away,W,11,15,NA,11,8,19,38,24,33,16,11,15,11,26,39,26,32,17,12,15,11,11,13
2024-04-13,Hofstra,Drexel,Home,L,12,13,NA,12,7,19,38,20,34,17,5,13,9,22,38,22,34,14,11,13,9,12,8
2024-04-16,Hofstra,Yale,Home,L,12,16,NA,12,8,20,51,33,37,20,8,16,6,22,29,23,24,19,3,16,7,12,21
2024-04-20,Hofstra,Hampton,Home,L,21,5,NA,21,15,36,53,33,47,14,10,5,4,9,26,12,27,24,7,5,7,21,12
2024-04-27,Hofstra,Stony Brook,Away,W,11,9,NA,11,8,19,43,24,30,13,3,9,8,17,40,24,24,10,6,9,15,11,13
2024-02-04,Holy Cross,Providence,Home,W,6,12,NA,6,2,8,32,19,24,16,12,12,7,19,39,20,35,27,3,12,8,6,13
2024-02-10,Holy Cross,UMass Lowell,Away,W,16,9,NA,16,6,22,38,28,32,16,20,9,3,12,28,21,34,30,7,9,12,16,12
2024-02-17,Holy Cross,Sacred Heart,Home,L,10,9,NA,10,4,14,33,21,30,22,5,9,7,16,37,21,29,19,8,9,12,10,11
2024-02-24,Holy Cross,Dartmouth,Away,L,8,14,NA,8,4,12,34,23,38,19,10,14,11,25,38,24,37,17,10,14,10,8,15
2024-03-02,Holy Cross,Bucknell,Away,L,9,12,NA,9,7,16,35,14,32,20,15,12,9,21,39,26,37,19,12,12,14,9,5
2024-03-09,Holy Cross,Army West Point,Away,L,8,18,NA,8,4,12,29,16,19,18,2,18,14,32,51,31,35,11,8,18,13,8,8
2024-03-16,Holy Cross,Lafayette,Home,W,8,17,NA,8,1,9,40,23,34,14,10,17,10,27,45,25,29,24,5,17,8,8,15
2024-03-23,Holy Cross,Navy,Away,L,7,17,NA,7,5,12,33,18,33,21,7,17,10,27,38,25,39,26,6,17,8,7,11
2024-03-30,Holy Cross,Boston U.,Home,W,6,22,NA,6,5,11,36,20,28,20,5,22,17,39,50,34,43,21,5,22,12,6,14
2024-04-06,Holy Cross,Lehigh,Away,W,7,9,NA,7,2,9,32,17,29,19,7,9,4,13,38,19,38,21,12,9,10,7,10
2024-04-13,Holy Cross,Loyola Maryland,Home,W,6,15,NA,6,3,9,40,19,26,9,6,15,12,27,39,27,31,13,5,15,12,6,13
2024-04-20,Holy Cross,Colgate,Home,W,8,18,NA,8,8,16,31,18,36,28,5,18,10,28,52,32,43,19,17,18,14,8,10
2024-04-25,Holy Cross,Le Moyne,Away,L,9,10,NA,9,4,13,27,20,28,19,6,10,10,20,33,15,28,21,10,10,5,9,11
2024-02-10,Jacksonville,"Binghamton Sparks Glencoe, MD",Away,L,9,8,NA,9,4,13,41,22,29,25,6,8,4,12,48,29,28,16,9,8,21,9,13
2024-02-17,Jacksonville,Marist,Away,W,8,9,1,8,3,11,45,24,43,21,7,9,3,12,54,24,35,15,12,9,15,8,16
2024-02-23,Jacksonville,Duke,Away,L,7,23,NA,7,4,11,41,22,34,21,5,23,8,31,49,32,34,13,12,23,9,7,15
2024-02-27,Jacksonville,Michigan,Home,L,10,13,NA,10,4,14,34,25,27,13,13,13,4,17,46,27,33,17,4,13,14,10,15
2024-03-02,Jacksonville,St. John's (NY),Home,L,24,7,NA,24,20,44,59,37,42,16,19,7,4,11,29,18,27,24,8,7,11,24,13
2024-03-09,Jacksonville,"High Point Charlotte, NC",Away,W,10,9,NA,10,6,16,29,22,24,16,10,9,5,14,55,19,19,16,9,9,10,10,12
2024-03-16,Jacksonville,Robert Morris,Home,L,13,9,NA,13,8,21,39,26,35,12,7,9,1,10,32,23,11,14,4,9,14,13,13
2024-03-23,Jacksonville,Mercer,Away,L,8,7,NA,8,7,15,32,18,24,15,2,7,4,11,40,19,23,12,7,7,12,8,10
2024-03-27,Jacksonville,Cleveland St.,Home,L,18,6,NA,18,16,34,43,30,32,15,11,6,2,8,28,17,27,13,8,6,11,18,12
2024-03-30,Jacksonville,Utah,Home,L,14,16,NA,14,8,22,42,27,43,17,7,16,8,24,34,26,22,11,6,16,11,14,14
2024-04-06,Jacksonville,Queens (NC),Away,W,19,5,NA,19,18,37,53,30,36,18,10,5,3,8,34,17,21,16,7,5,12,19,11
2024-04-10,Jacksonville,Detroit Mercy,Away,W,21,9,NA,21,15,36,50,34,34,11,9,9,3,12,32,20,26,15,7,9,11,21,13
2024-04-13,Jacksonville,Lindenwood,Home,L,20,5,NA,20,12,32,57,36,40,15,10,5,2,7,25,20,15,13,4,5,15,20,16
2024-04-20,Jacksonville,Air Force,Away,W,10,9,1,10,7,17,43,29,27,10,9,9,4,13,44,19,28,15,6,9,10,10,19
2024-04-27,Jacksonville,Bellarmine,Home,L,22,7,NA,22,16,38,44,35,43,17,9,7,1,8,30,24,25,14,6,7,17,22,13
2024-04-30,Jacksonville,"Robert Morris USAF Academy, Colo.",Away,L,17,12,NA,17,12,29,47,25,35,17,7,12,4,16,43,27,24,12,6,12,15,17,8
2024-05-03,Jacksonville,"Air Force USAF Academy, Colo.",Away,L,15,10,NA,15,11,26,43,26,32,14,7,10,5,15,37,22,28,14,7,10,12,15,11
2024-05-05,Jacksonville,"Utah USAF Academy, Colo.",Away,W,13,16,NA,13,10,23,52,29,38,15,6,16,5,21,40,27,34,14,10,16,11,13,16
2024-02-03,Johns Hopkins,Denver,Home,L,12,13,1,12,7,19,35,20,21,15,3,13,7,20,46,25,24,9,3,13,12,12,8
2024-02-06,Johns Hopkins,Towson,Home,L,13,5,NA,13,10,23,43,23,40,16,10,5,3,8,29,15,18,18,7,5,10,13,10
2024-02-10,Johns Hopkins,Georgetown,Away,W,11,9,NA,11,6,17,44,22,28,13,9,9,4,13,43,20,30,15,5,9,11,11,11
2024-02-17,Johns Hopkins,Loyola Maryland,Home,L,13,7,NA,13,6,19,45,30,35,14,12,7,6,13,26,18,27,20,5,7,11,13,17
2024-02-24,Johns Hopkins,North Carolina,Away,W,13,9,NA,13,8,21,41,24,36,13,7,9,6,15,40,22,31,15,8,9,13,13,11
2024-03-02,Johns Hopkins,Virginia,Away,L,16,14,NA,16,10,26,42,27,44,15,11,14,11,25,43,30,35,16,7,14,16,16,11
2024-03-09,Johns Hopkins,"Syracuse Charlotte, NC",Away,W,13,14,NA,13,9,22,36,24,25,14,7,14,11,25,46,29,33,16,4,14,15,13,11
2024-03-15,Johns Hopkins,Navy,Home,W,9,10,1,9,5,14,39,21,30,14,9,10,7,17,33,19,30,17,6,10,9,9,12
2024-03-24,Johns Hopkins,Rutgers,Away,W,13,8,NA,13,7,20,33,23,19,14,2,8,5,13,35,21,28,10,9,8,13,13,10
2024-03-30,Johns Hopkins,Michigan,Home,W,15,11,NA,15,10,25,43,27,24,13,13,11,10,21,34,26,26,17,5,11,15,15,12
2024-04-06,Johns Hopkins,Penn St.,Home,W,9,8,1,9,4,13,34,25,29,9,14,8,3,11,41,24,28,17,4,8,16,9,16
2024-04-14,Johns Hopkins,Ohio St.,Away,L,11,10,1,11,4,15,36,22,33,16,9,10,5,15,40,18,35,16,11,10,8,11,11
2024-04-20,Johns Hopkins,Maryland,Home,W,7,5,NA,7,3,10,30,17,19,15,7,5,5,10,34,17,26,19,2,5,12,7,10
2024-05-02,Johns Hopkins,"Michigan Columbus, Ohio",Away,L,7,10,NA,7,5,12,25,15,27,17,5,10,5,15,48,23,25,8,9,10,13,7,8
2024-05-12,Johns Hopkins,Lehigh,Home,W,13,10,NA,13,6,19,36,22,32,14,8,10,2,12,38,23,31,18,7,10,13,13,9
2024-05-19,Johns Hopkins,"Virginia Towson, Md.",Away,W,10,11,2,10,9,19,36,19,27,25,6,11,7,18,50,26,40,19,11,11,15,10,9
2024-02-10,LIU,Monmouth,Away,W,10,14,NA,10,7,17,34,26,28,19,12,14,6,20,45,26,34,18,15,14,12,10,16
2024-02-17,LIU,Merrimack,Home,L,10,8,NA,10,6,16,34,21,33,21,11,8,3,11,44,15,23,18,8,8,7,10,11
2024-02-24,LIU,Lindenwood,Away,W,10,7,NA,10,7,17,47,22,42,20,9,7,3,10,27,12,32,21,13,7,5,10,12
2024-03-02,LIU,UMass Lowell,Home,L,13,6,NA,13,6,19,46,25,42,19,6,6,3,9,33,16,31,19,5,6,10,13,12
2024-03-09,LIU,VMI,Away,W,17,8,NA,17,11,28,35,24,27,18,11,8,5,13,37,18,32,17,12,8,10,17,7
2024-03-16,LIU,Mount St. Mary's,Home,L,13,6,NA,13,7,20,51,29,39,20,14,6,4,10,23,12,30,25,10,6,6,13,16
2024-03-23,LIU,Siena,Away,L,12,11,1,12,8,20,39,20,29,23,12,11,6,17,33,21,21,27,11,11,10,12,8
2024-03-27,LIU,Wagner,Away,W,14,8,NA,14,11,25,47,29,29,12,11,8,4,12,30,19,21,22,7,8,11,14,15
2024-03-30,LIU,Sacred Heart,Home,W,6,17,NA,6,4,10,32,16,17,14,10,17,7,24,53,27,34,16,7,17,10,6,10
2024-04-05,LIU,Canisius,Away,L,17,15,NA,17,9,26,37,31,36,13,5,15,8,23,40,21,48,21,7,15,6,17,14
2024-04-10,LIU,Manhattan,Home,W,13,12,NA,13,8,21,44,26,29,8,11,12,8,20,34,21,28,17,4,12,9,13,13
2024-04-13,LIU,Marist,Away,L,8,15,NA,8,6,14,46,25,43,12,10,15,9,24,41,27,40,15,5,15,12,8,17
2024-04-20,LIU,Quinnipiac,Home,L,10,9,1,10,9,19,37,25,29,20,12,9,4,13,48,28,25,18,13,9,19,10,15
2024-05-02,LIU,Manhattan,Away,W,7,8,NA,7,4,11,32,15,14,13,8,8,5,13,40,16,23,12,4,8,8,7,8
2024-02-10,Lafayette,Delaware,Away,L,6,14,NA,6,5,11,36,20,21,21,6,14,10,24,65,32,44,13,11,14,18,6,14
2024-02-17,Lafayette,Hampton,Home,W,22,2,NA,22,12,34,55,40,40,15,12,2,1,3,15,8,26,23,7,2,6,22,18
2024-02-20,Lafayette,Drexel,Home,W,8,7,NA,8,4,12,42,22,25,14,8,7,5,12,36,24,29,13,7,7,17,8,14
2024-02-24,Lafayette,Binghamton,Home,W,19,12,NA,19,11,30,48,32,42,15,2,12,3,15,39,27,29,10,7,12,15,19,13
2024-03-03,Lafayette,Army West Point,Home,L,11,16,NA,11,0,11,44,21,28,16,5,16,11,27,43,31,40,10,7,16,15,11,10
2024-03-09,Lafayette,Colgate,Away,W,10,16,NA,10,7,17,28,19,21,24,6,16,14,30,46,25,26,19,11,16,9,10,9
2024-03-16,Lafayette,Holy Cross,Away,W,17,8,NA,17,10,27,45,25,29,24,5,8,1,9,40,23,34,14,10,8,15,17,8
2024-03-23,Lafayette,Loyola Maryland,Home,L,10,18,NA,10,9,19,34,22,27,13,4,18,13,31,41,25,26,14,8,18,7,10,12
2024-03-30,Lafayette,Bucknell,Away,L,8,17,NA,8,2,10,31,19,31,23,6,17,11,28,47,30,36,14,12,17,13,8,11
2024-04-06,Lafayette,Navy,Home,W,9,10,NA,9,3,12,38,19,26,13,10,10,6,16,48,21,33,13,7,10,11,9,10
2024-04-13,Lafayette,Boston U.,Away,L,11,10,NA,11,9,20,38,23,26,19,14,10,7,17,33,22,39,21,13,10,12,11,12
2024-04-19,Lafayette,Le Moyne,Home,L,14,9,NA,14,5,19,40,24,38,14,6,9,5,14,33,16,21,13,5,9,7,14,10
2024-04-26,Lafayette,Lehigh,Home,L,12,13,NA,12,4,16,40,23,36,15,13,13,6,19,40,23,38,20,7,13,10,12,11
2024-02-03,Lehigh,Rutgers,Away,W,12,14,NA,12,2,14,40,22,22,11,4,14,9,23,38,24,32,14,3,14,10,12,10
2024-02-10,Lehigh,Fairfield,Away,L,8,7,NA,8,2,10,35,15,28,21,8,7,7,14,37,20,24,15,13,7,13,8,7
2024-02-17,Lehigh,Cornell,Away,W,13,17,NA,13,2,15,44,27,33,14,7,17,10,27,45,28,46,18,7,17,11,13,14
2024-02-26,Lehigh,"Dartmouth Hartford, Conn.",Away,W,11,6,NA,11,5,16,32,21,40,23,14,6,0,6,32,21,38,18,10,6,15,11,10
2024-03-02,Lehigh,Villanova,Home,W,8,14,NA,8,2,10,34,22,26,20,8,14,7,21,39,28,22,15,12,14,14,8,14
2024-03-09,Lehigh,Navy,Home,W,12,10,NA,12,0,12,33,22,25,13,7,10,4,14,40,26,26,15,4,10,16,12,10
2024-03-16,Lehigh,Army West Point,Away,W,12,18,NA,12,7,19,33,25,26,17,5,18,11,29,54,37,32,14,6,18,19,12,13
2024-03-23,Lehigh,Bucknell,Home,W,9,8,NA,9,4,13,35,15,29,18,9,8,2,10,36,18,29,15,7,8,10,9,6
2024-03-29,Lehigh,Loyola Maryland,Away,W,10,12,NA,10,6,16,33,18,40,24,7,12,4,16,39,21,34,13,11,12,9,10,8
2024-04-02,Lehigh,Princeton,Away,W,10,12,NA,10,4,14,34,21,36,17,9,12,6,18,44,22,31,12,13,12,10,10,11
2024-04-06,Lehigh,Holy Cross,Home,W,9,7,NA,9,4,13,38,19,38,21,12,7,2,9,32,17,29,19,7,7,10,9,10
2024-04-13,Lehigh,Colgate,Away,L,9,7,NA,9,7,16,25,13,25,23,4,7,5,12,34,17,26,17,11,7,10,9,4
2024-04-20,Lehigh,Boston U.,Home,W,13,12,1,13,4,17,34,24,40,18,11,12,7,19,33,22,33,15,9,12,10,13,11
2024-04-26,Lehigh,Lafayette,Away,L,13,12,NA,13,6,19,40,23,38,20,7,12,4,16,40,23,36,15,13,12,11,13,10
2024-05-03,Lehigh,"Navy West Point, N.Y.",Away,W,12,8,NA,12,7,19,31,19,29,15,10,8,7,15,28,18,26,16,6,8,10,12,7
2024-05-05,Lehigh,"Boston U. West Point, N.Y.",Away,L,11,10,NA,11,4,15,36,21,31,21,6,10,8,18,41,18,32,13,10,10,8,11,10
2024-05-12,Lehigh,Johns Hopkins,Away,W,10,13,NA,10,2,12,38,23,31,18,7,13,6,19,36,22,32,14,8,13,9,10,13
2024-02-09,Lindenwood,Marquette,Away,L,5,16,NA,5,1,6,35,16,21,21,4,16,9,25,50,30,24,16,6,16,14,5,11
2024-02-24,Lindenwood,LIU,Home,W,7,10,NA,7,3,10,27,12,32,21,13,10,7,17,47,22,42,20,9,10,12,7,5
2024-03-09,Lindenwood,NJIT,Away,L,5,18,NA,5,3,8,31,19,29,19,7,18,13,31,47,28,39,14,9,18,10,5,14
2024-03-16,Lindenwood,Cleveland St.,Home,W,7,10,NA,7,4,11,27,15,31,17,7,10,4,14,41,18,31,21,5,10,8,7,8
2024-03-20,Lindenwood,Queens (NC),Away,W,3,8,NA,3,2,5,35,21,29,19,9,8,3,11,39,25,27,18,5,8,17,3,18
2024-03-23,Lindenwood,Air Force,Home,W,3,15,NA,3,2,5,21,13,24,16,5,15,9,24,42,24,37,15,6,15,9,3,10
2024-03-30,Lindenwood,Bellarmine,Away,W,10,17,NA,10,6,16,31,20,24,15,5,17,14,31,60,34,28,21,10,17,17,10,10
2024-04-06,Lindenwood,Detroit Mercy,Home,W,8,12,NA,8,3,11,43,24,24,9,2,12,7,19,46,23,33,13,2,12,11,8,16
2024-04-10,Lindenwood,Utah,Home,W,5,17,NA,5,3,8,36,18,24,18,4,17,13,30,53,32,39,14,9,17,15,5,13
2024-04-13,Lindenwood,Jacksonville,Away,L,5,20,NA,5,2,7,25,20,15,13,4,20,12,32,57,36,40,15,10,20,16,5,15
2024-04-20,Lindenwood,Robert Morris,Home,W,9,10,NA,9,6,15,35,24,21,13,8,10,7,17,37,24,39,22,10,10,14,9,15
2024-04-27,Lindenwood,Mercer,Away,W,11,13,NA,11,6,17,36,26,24,17,5,13,6,19,62,32,39,12,9,13,19,11,15
2024-02-03,Loyola Maryland,Georgetown,Home,W,18,10,NA,18,11,29,41,26,26,12,11,10,4,14,44,21,29,17,4,10,11,18,8
2024-02-10,Loyola Maryland,Maryland,Away,L,4,11,NA,4,1,5,31,16,24,16,6,11,8,19,47,27,38,16,8,11,16,4,12
2024-02-17,Loyola Maryland,Johns Hopkins,Away,L,7,13,NA,7,6,13,26,18,27,20,5,13,6,19,45,30,35,14,12,13,17,7,11
2024-02-24,Loyola Maryland,Rutgers,Home,W,5,13,NA,5,1,6,37,20,23,12,8,13,6,19,46,27,28,11,4,13,14,5,15
2024-02-27,Loyola Maryland,Towson,Home,W,11,10,1,11,7,18,46,25,30,12,6,10,5,15,48,28,37,13,5,10,18,11,14
2024-03-02,Loyola Maryland,Colgate,Away,W,11,14,NA,11,6,17,47,31,22,11,8,14,7,21,38,24,30,19,1,14,10,11,20
2024-03-09,Loyola Maryland,Duke,Home,L,10,16,NA,10,4,14,25,16,28,18,6,16,9,25,41,29,36,16,12,16,13,10,6
2024-03-16,Loyola Maryland,Boston U.,Home,L,10,12,NA,10,7,17,46,32,35,15,10,12,8,20,46,30,31,17,9,12,18,10,22
2024-03-23,Loyola Maryland,Lafayette,Away,L,18,10,NA,18,13,31,41,25,26,14,8,10,9,19,34,22,27,13,4,10,12,18,7
2024-03-29,Loyola Maryland,Lehigh,Home,W,12,10,NA,12,4,16,39,21,34,13,11,10,6,16,33,18,40,24,7,10,8,12,9
2024-04-06,Loyola Maryland,Bucknell,Home,W,15,13,NA,15,7,22,38,24,29,11,9,13,4,17,38,21,34,13,8,13,8,15,9
2024-04-13,Loyola Maryland,Holy Cross,Away,W,15,6,NA,15,12,27,39,27,31,13,5,6,3,9,40,19,26,9,6,6,13,15,12
2024-04-19,Loyola Maryland,Navy,Away,L,12,10,NA,12,8,20,41,24,39,17,5,10,3,13,45,22,30,17,8,10,12,12,12
2024-04-26,Loyola Maryland,Army West Point,Home,L,11,13,NA,11,6,17,37,25,33,14,10,13,4,17,43,28,36,18,5,13,15,11,14
2024-04-30,Loyola Maryland,Navy,Away,W,10,12,NA,10,5,15,40,28,32,12,16,12,8,20,34,27,37,23,5,12,15,10,18
2024-02-09,Manhattan,Syracuse,Away,L,3,16,NA,3,2,5,30,14,27,17,7,16,13,29,47,28,44,14,8,16,12,3,11
2024-02-17,Manhattan,Vermont,Home,W,9,12,NA,9,6,15,29,21,20,15,5,12,7,19,38,21,28,13,8,12,9,9,12
2024-02-20,Manhattan,Princeton,Away,L,6,15,NA,6,0,6,29,14,36,21,9,15,9,24,46,31,35,15,8,15,16,6,8
2024-02-24,Manhattan,NJIT,Away,W,10,11,NA,10,4,14,30,20,27,18,7,11,5,16,39,28,35,18,13,11,17,10,10
2024-03-02,Manhattan,Bryant,Home,W,7,12,NA,7,4,11,31,14,30,17,12,12,8,20,38,28,37,20,7,12,16,7,7
2024-03-10,Manhattan,Mount St. Mary's,Home,L,12,6,NA,12,6,18,37,25,30,17,8,6,5,11,36,17,30,12,10,6,11,12,13
2024-03-16,Manhattan,Sacred Heart,Away,W,12,14,NA,12,7,19,38,26,25,11,7,14,7,21,47,30,31,11,1,14,16,12,14
2024-03-23,Manhattan,Canisius,Away,W,12,5,NA,12,4,16,32,19,20,13,8,5,1,6,36,22,45,18,5,5,17,12,7
2024-03-27,Manhattan,Quinnipiac,Home,W,15,12,NA,15,6,21,39,27,25,9,6,12,4,16,45,24,43,13,4,12,12,15,12
2024-03-30,Manhattan,Marist,Away,L,11,10,NA,11,7,18,41,21,20,10,6,10,6,16,41,27,39,10,5,10,17,11,10
2024-04-06,Manhattan,VMI,Home,W,9,8,NA,9,7,16,38,18,24,15,6,8,5,13,34,18,31,13,9,8,10,9,9
2024-04-10,Manhattan,LIU,Away,W,12,13,NA,12,8,20,34,21,28,17,4,13,8,21,44,26,29,8,11,13,13,12,9
2024-04-13,Manhattan,Siena,Away,W,10,11,NA,10,4,14,36,22,29,16,8,11,7,18,40,22,20,12,10,11,11,10,12
2024-04-20,Manhattan,Wagner,Home,L,10,5,NA,10,6,16,40,20,22,10,5,5,2,7,35,17,25,14,3,5,12,10,10
2024-04-27,Manhattan,Quinnipiac,Home,W,14,13,NA,14,9,23,46,25,31,9,3,13,9,22,34,24,33,8,5,13,11,14,11
2024-05-02,Manhattan,LIU,Home,W,8,7,NA,8,5,13,40,16,23,12,4,7,4,11,32,15,14,13,8,7,8,8,8
2024-05-04,Manhattan,Sacred Heart,Home,W,5,11,NA,5,3,8,37,20,24,13,8,11,10,21,28,20,34,15,9,11,9,5,15
2024-02-10,Marist,Bucknell,Home,W,17,10,NA,17,9,26,43,26,38,16,11,10,1,11,47,28,39,15,10,10,18,17,9
2024-02-17,Marist,Jacksonville,Home,W,9,8,1,9,3,12,54,24,35,15,12,8,3,11,45,24,43,21,7,8,16,9,15
2024-02-20,Marist,Massachusetts,Away,W,11,18,NA,11,2,13,38,18,34,19,7,18,9,27,44,29,35,14,11,18,11,11,7
2024-02-24,Marist,Hofstra,Away,L,12,10,NA,12,6,18,40,21,19,14,4,10,7,17,55,23,28,16,8,10,13,12,9
2024-03-02,Marist,Bellarmine,Away,W,10,11,NA,10,6,16,56,29,28,18,14,11,5,16,43,24,23,20,10,11,13,10,19
2024-03-09,Marist,Wagner,Away,W,8,9,NA,8,6,14,45,22,19,11,8,9,6,15,25,16,21,18,6,9,7,8,14
2024-03-16,Marist,Canisius,Home,W,20,16,NA,20,16,36,52,33,35,6,4,16,10,26,50,28,35,10,4,16,12,20,13
2024-03-23,Marist,Quinnipiac,Home,L,10,13,NA,10,4,14,41,21,39,17,11,13,6,19,32,23,38,20,10,13,10,10,11
2024-03-27,Marist,Sacred Heart,Away,L,7,12,NA,7,2,9,32,15,23,17,2,12,8,20,50,26,31,15,6,12,14,7,8
2024-03-30,Marist,Manhattan,Home,L,10,11,NA,10,6,16,41,27,39,10,5,11,7,18,41,21,20,10,6,11,10,10,17
2024-04-06,Marist,Mount St. Mary's,Away,L,11,10,NA,11,3,14,38,20,40,20,12,10,9,19,33,20,36,18,12,10,10,11,9
2024-04-10,Marist,Siena,Home,W,14,13,NA,14,5,19,55,23,35,8,6,13,7,20,51,28,37,11,5,13,15,14,9
2024-04-13,Marist,LIU,Home,L,15,8,NA,15,9,24,41,27,40,15,5,8,6,14,46,25,43,12,10,8,17,15,12
2024-04-20,Marist,VMI,Away,L,14,10,NA,14,8,22,41,31,25,17,5,10,5,15,40,25,27,14,10,10,15,14,17
2024-04-27,Marist,Siena,Home,W,9,12,NA,9,5,14,40,21,41,11,6,12,5,17,38,21,30,12,3,12,9,9,12
2024-02-03,Marquette,Air Force,Away,W,12,6,NA,12,5,17,40,23,28,16,8,6,6,12,36,18,31,16,13,6,12,12,11
2024-02-09,Marquette,Lindenwood,Home,L,16,5,NA,16,9,25,50,30,24,16,6,5,1,6,35,16,21,21,4,5,11,16,14
2024-02-13,Marquette,Detroit Mercy,Home,L,22,8,NA,22,12,34,47,33,28,16,7,8,3,11,36,20,21,17,5,8,12,22,11
2024-02-18,Marquette,Notre Dame,Home,W,8,21,NA,8,6,14,32,17,25,18,4,21,11,32,47,27,32,10,7,21,6,8,9
2024-02-24,Marquette,"Michigan Naples, Fla.",Away,W,12,20,NA,12,8,20,38,22,26,16,3,20,14,34,50,33,35,11,7,20,13,12,10
2024-03-02,Marquette,Utah,Home,L,8,9,NA,8,2,10,37,18,31,19,9,9,4,13,41,21,33,13,8,9,12,8,10
2024-03-09,Marquette,Bellarmine,Away,L,5,11,NA,5,4,9,40,22,29,13,16,11,8,19,31,18,26,18,10,11,7,5,17
2024-03-16,Marquette,"Penn St. Springfield, Pa.",Away,L,7,13,NA,7,4,11,38,19,18,14,6,13,8,21,52,31,32,12,4,13,18,7,12
2024-03-23,Marquette,St. Bonaventure,Away,L,8,3,NA,8,5,13,34,20,32,19,11,3,2,5,29,14,16,16,8,3,11,8,12
2024-03-30,Marquette,St. John's (NY),Away,L,9,13,NA,9,6,15,46,22,27,17,7,13,7,20,32,23,32,13,10,13,10,9,13
2024-04-06,Marquette,Georgetown,Away,L,8,11,NA,8,4,12,37,22,25,15,2,11,6,17,33,21,28,8,9,11,10,8,14
2024-04-13,Marquette,Providence,Home,L,10,13,NA,10,8,18,34,21,32,17,4,13,7,20,38,25,32,11,10,13,12,10,11
2024-04-20,Marquette,Villanova,Home,W,6,12,NA,6,2,8,30,12,26,20,9,12,7,19,37,25,38,15,9,12,13,6,6
2024-04-26,Marquette,Denver,Away,L,9,15,NA,9,3,12,32,16,25,17,7,15,9,24,33,22,33,13,10,15,7,9,7
2024-02-03,Maryland,Richmond,Away,L,12,11,2,12,7,19,36,22,27,17,8,11,6,17,36,24,26,16,6,11,13,12,10
2024-02-10,Maryland,Loyola Maryland,Home,L,11,4,NA,11,8,19,47,27,38,16,8,4,1,5,31,16,24,16,6,4,12,11,16
2024-02-17,Maryland,Syracuse,Away,L,13,12,1,13,7,20,29,22,30,16,6,12,4,16,48,26,28,10,7,12,14,13,9
2024-02-24,Maryland,Princeton,Home,L,13,7,NA,13,7,20,45,33,35,13,7,7,5,12,29,17,16,13,4,7,10,13,20
2024-03-03,Maryland,Notre Dame,Away,L,9,14,NA,9,7,16,36,23,23,16,9,14,10,24,43,23,33,18,11,14,9,9,14
2024-03-09,Maryland,Brown,Home,W,14,13,1,14,9,23,41,22,33,14,8,13,3,16,33,23,28,12,5,13,10,14,8
2024-03-16,Maryland,Virginia,Home,L,10,14,NA,10,5,15,35,21,25,17,7,14,7,21,31,22,37,12,12,14,8,10,11
2024-03-23,Maryland,Michigan,Away,W,11,12,NA,11,8,19,32,20,27,17,9,12,8,20,36,23,32,16,9,12,11,11,9
2024-03-31,Maryland,Penn St.,Away,L,13,11,NA,13,9,22,48,29,31,12,6,11,4,15,33,20,22,17,7,11,9,13,16
2024-04-06,Maryland,Ohio St.,Home,W,8,7,NA,8,4,12,35,19,26,19,8,7,3,10,23,17,17,17,8,7,10,8,11
2024-04-13,Maryland,Rutgers,Home,L,11,6,NA,11,7,18,30,25,32,15,6,6,4,10,36,21,25,13,6,6,15,11,14
2024-04-20,Maryland,Johns Hopkins,Away,W,5,7,NA,5,5,10,34,17,26,19,2,7,3,10,30,17,19,15,7,7,10,5,12
2024-05-02,Maryland,"Penn St. Columbus, Ohio",Away,L,9,19,NA,9,5,14,40,20,36,11,4,19,7,26,47,27,33,10,6,19,8,9,11
2024-05-11,Maryland,Princeton,Home,L,16,8,NA,16,8,24,37,25,30,19,9,8,4,12,31,19,24,19,12,8,11,16,9
2024-05-18,Maryland,"Duke Hempstead, New York",Away,L,14,11,NA,14,6,20,39,22,36,18,2,11,7,18,28,22,22,10,10,11,11,14,8
2024-05-25,Maryland,"Virginia Philadelphia, PA",Away,W,12,6,NA,12,9,21,37,17,38,18,11,6,3,9,39,15,29,15,10,6,9,12,5
2024-05-27,Maryland,"Notre Dame Philadelphia, Pa.",Away,L,5,15,NA,5,5,10,35,21,33,16,5,15,10,25,42,25,30,10,11,15,10,5,16
2024-02-10,Massachusetts,"Army West Point Atlanta, GA",Away,W,12,13,NA,12,5,17,40,21,19,12,6,13,7,20,42,29,37,16,2,13,16,12,9
2024-02-17,Massachusetts,UMass Lowell,Home,L,10,7,NA,10,5,15,40,23,32,15,10,7,3,10,38,17,26,18,6,7,10,10,13
2024-02-20,Massachusetts,Marist,Home,W,18,11,NA,18,9,27,44,29,35,14,11,11,2,13,38,18,34,19,7,11,7,18,11
2024-02-24,Massachusetts,Merrimack,Home,L,17,6,NA,17,9,26,37,28,35,19,9,6,2,8,41,18,36,14,9,6,12,17,11
2024-03-02,Massachusetts,UAlbany,Home,W,12,11,NA,12,6,18,34,22,30,14,4,11,5,16,42,18,36,15,6,11,7,12,10
2024-03-09,Massachusetts,Vermont,Home,L,12,13,NA,12,6,18,30,22,34,16,7,13,11,24,45,32,34,16,9,13,19,12,10
2024-03-16,Massachusetts,Rutgers,Away,L,9,10,NA,9,7,16,39,28,25,10,4,10,5,15,50,26,32,10,7,10,16,9,19
2024-03-22,Massachusetts,Brown,Away,W,10,11,NA,10,6,16,38,26,31,16,5,11,8,19,39,24,31,14,12,11,13,10,16
2024-03-30,Massachusetts,Hobart,Away,L,13,12,NA,13,2,15,38,26,30,13,5,12,8,20,54,30,38,12,9,12,18,13,13
2024-04-06,Massachusetts,Saint Joseph's,Home,W,7,12,NA,7,3,10,28,17,24,11,8,12,8,20,44,22,32,16,7,12,10,7,10
2024-04-13,Massachusetts,St. Bonaventure,Away,W,15,3,NA,15,6,21,46,33,37,11,15,3,2,5,28,15,17,21,5,3,12,15,18
2024-04-20,Massachusetts,Richmond,Home,L,12,14,NA,12,10,22,40,25,32,14,8,14,7,21,39,26,38,15,9,14,12,12,13
2024-04-26,Massachusetts,High Point,Away,W,10,17,NA,10,4,14,38,21,29,13,6,17,13,30,41,31,34,13,9,17,14,10,11
2024-05-02,Massachusetts,Saint Joseph's,Home,W,9,11,NA,9,5,14,34,20,39,23,9,11,6,17,48,30,38,18,14,11,19,9,11
2024-02-03,Mercer,High Point,Away,L,7,14,NA,7,5,12,34,16,27,20,5,14,8,22,57,30,47,15,14,14,16,7,9
2024-02-04,Mercer,Hampton,Home,L,20,5,NA,20,9,29,52,31,52,23,5,5,2,7,35,17,26,22,2,5,12,20,11
2024-02-10,Mercer,"North Carolina Atlanta, Ga.",Away,L,5,13,NA,5,4,9,41,18,18,18,3,13,10,23,56,37,22,16,9,13,24,5,13
2024-02-24,Mercer,Army West Point,Away,L,7,15,NA,7,3,10,38,19,26,22,2,15,7,22,43,31,37,15,5,15,16,7,12
2024-03-10,Mercer,Le Moyne,Home,W,6,10,NA,6,3,9,30,18,27,17,4,10,5,15,40,22,28,16,9,10,12,6,12
2024-03-16,Mercer,Detroit Mercy,Away,L,17,11,NA,17,9,26,54,36,54,15,14,11,3,14,38,25,34,21,12,11,14,17,19
2024-03-20,Mercer,Bellarmine,Home,W,9,17,NA,9,8,17,43,22,28,22,10,17,5,22,54,31,26,22,7,17,14,9,13
2024-03-23,Mercer,Jacksonville,Home,L,7,8,NA,7,4,11,40,19,23,12,7,8,7,15,32,18,24,15,2,8,10,7,12
2024-03-30,Mercer,Robert Morris,Away,L,7,15,NA,7,5,12,31,18,20,19,8,15,9,24,46,31,36,16,9,15,16,7,11
2024-04-06,Mercer,Cleveland St.,Away,L,9,16,NA,9,7,16,36,21,38,19,11,16,10,26,37,28,37,18,9,16,12,9,12
2024-04-12,Mercer,Utah,Home,W,9,20,NA,9,6,15,45,23,34,14,5,20,8,28,54,37,29,9,8,20,17,9,14
2024-04-17,Mercer,Air Force,Away,L,5,20,NA,5,2,7,16,8,29,32,6,20,12,32,55,32,42,17,14,20,12,5,3
2024-04-20,Mercer,Queens (NC),Away,W,10,9,3,10,2,12,70,28,41,20,13,9,7,16,39,21,24,22,9,9,12,10,18
2024-04-27,Mercer,Lindenwood,Home,W,13,11,NA,13,6,19,62,32,39,12,9,11,6,17,36,26,24,17,5,11,15,13,19
2024-02-03,Merrimack,Bucknell,Home,W,14,10,NA,14,9,23,41,25,30,16,21,10,7,17,32,20,29,21,15,10,10,14,11
2024-02-10,Merrimack,Sacred Heart,Home,W,11,10,NA,11,5,16,37,25,23,13,9,10,7,17,51,26,31,18,4,10,16,11,14
2024-02-17,Merrimack,LIU,Away,L,8,10,NA,8,3,11,44,15,23,18,8,10,6,16,34,21,33,21,11,10,11,8,7
2024-02-24,Merrimack,Massachusetts,Away,L,6,17,NA,6,2,8,41,18,36,14,9,17,9,26,37,28,35,19,9,17,11,6,12
2024-02-27,Merrimack,Harvard,Away,L,8,23,NA,8,7,15,31,15,24,27,6,23,14,37,55,36,53,20,14,23,13,8,7
2024-03-02,Merrimack,Quinnipiac,Home,L,12,15,NA,12,7,19,47,27,34,18,5,15,9,24,49,31,33,16,6,15,16,12,15
2024-03-05,Merrimack,Providence,Away,W,10,17,NA,10,6,16,39,26,26,10,6,17,13,30,47,30,35,15,4,17,13,10,16
2024-03-16,Merrimack,Binghamton,Away,W,10,9,1,10,4,14,44,26,29,16,7,9,4,13,45,23,22,19,7,9,14,10,16
2024-03-23,Merrimack,UMBC,Home,W,9,15,NA,9,4,13,27,17,28,15,8,15,11,26,45,27,40,19,5,15,12,9,8
2024-03-30,Merrimack,Vermont,Away,L,8,20,NA,8,4,12,32,22,24,23,7,20,15,35,58,38,57,14,13,20,18,8,14
2024-04-06,Merrimack,NJIT,Away,L,15,14,NA,15,9,24,45,27,30,16,9,14,10,24,38,26,38,17,12,14,12,15,12
2024-04-12,Merrimack,UMass Lowell,Home,L,14,9,NA,14,7,21,46,31,34,20,12,9,5,14,44,22,37,24,10,9,13,14,17
2024-04-21,Merrimack,UAlbany,Home,W,8,14,NA,8,7,15,37,17,16,18,8,14,7,21,43,24,32,21,4,14,10,8,9
2024-04-27,Merrimack,Bryant,Away,L,16,14,NA,16,10,26,41,26,28,18,4,14,6,20,57,34,36,9,14,14,20,16,10
2024-05-02,Merrimack,UAlbany,Away,L,7,18,NA,7,2,9,45,21,24,13,8,18,11,29,46,28,41,17,3,18,10,7,14
2024-02-10,Michigan,Virginia,Away,W,11,19,NA,11,8,19,34,26,31,16,10,19,11,30,54,30,44,14,12,19,11,11,15
2024-02-13,Michigan,Canisius,Home,L,21,5,NA,21,17,38,49,32,40,14,12,5,3,8,23,11,15,16,2,5,6,21,11
2024-02-17,Michigan,Hobart,Home,L,18,8,NA,18,10,28,48,28,37,13,17,8,2,10,37,21,18,21,4,8,13,18,10
2024-02-24,Michigan,"Marquette Naples, Fla.",Away,L,20,12,NA,20,14,34,50,33,35,11,7,12,8,20,38,22,26,16,3,12,10,20,13
2024-02-27,Michigan,Jacksonville,Away,L,13,10,NA,13,4,17,46,27,33,17,4,10,4,14,34,25,27,13,13,10,15,13,14
2024-03-02,Michigan,Delaware,Away,W,13,8,NA,13,6,19,31,22,32,22,14,8,5,13,36,20,25,20,9,8,12,13,9
2024-03-10,Michigan,Harvard,Home,L,11,13,NA,11,6,17,55,20,29,13,7,13,6,19,39,24,21,11,6,13,11,11,9
2024-03-16,Michigan,Notre Dame,Away,L,9,19,NA,9,7,16,42,26,30,18,7,19,12,31,42,29,38,15,10,19,10,9,17
2024-03-23,Michigan,Maryland,Home,W,12,11,NA,12,8,20,36,23,32,16,9,11,8,19,32,20,27,17,9,11,9,12,11
2024-03-30,Michigan,Johns Hopkins,Away,W,11,15,NA,11,10,21,34,26,26,17,5,15,10,25,43,27,24,13,13,15,12,11,15
2024-04-07,Michigan,Rutgers,Home,L,7,9,NA,7,6,13,46,26,25,8,14,9,5,14,40,21,22,16,3,9,12,7,19
2024-04-13,Michigan,Penn St.,Away,L,8,14,NA,8,2,10,54,27,22,15,8,14,9,23,43,25,20,19,6,14,11,8,19
2024-04-20,Michigan,Ohio St.,Away,L,13,12,NA,13,4,17,36,23,42,21,8,12,7,19,39,23,41,15,14,12,11,13,10
2024-04-27,Michigan,Ohio St.,Home,L,15,9,NA,15,5,20,48,25,27,11,7,9,5,14,35,21,29,12,6,9,12,15,10
2024-05-02,Michigan,"Johns Hopkins Columbus, Ohio",Away,W,10,7,NA,10,5,15,48,23,25,8,9,7,5,12,25,15,27,17,5,7,8,10,13
2024-05-04,Michigan,"Penn St. Columbus, Ohio",Away,W,16,4,NA,16,11,27,33,22,37,25,9,4,3,7,36,16,26,18,10,4,12,16,6
2024-05-11,Michigan,Denver,Away,W,11,16,NA,11,7,18,41,21,23,13,4,16,12,28,41,24,31,13,9,16,8,11,10
2024-02-10,Monmouth,LIU,Home,W,14,10,NA,14,6,20,45,26,34,18,15,10,7,17,34,26,28,19,12,10,16,14,12
2024-02-18,Monmouth,Princeton,Away,L,5,15,NA,5,3,8,29,19,32,19,7,15,8,23,49,35,38,13,14,15,20,5,14
2024-02-21,Monmouth,NJIT,Away,W,13,14,1,13,5,18,43,26,30,14,9,14,10,24,35,21,25,16,7,14,7,13,13
2024-02-27,Monmouth,Wagner,Home,L,12,6,NA,12,10,22,38,24,32,13,6,6,4,10,23,15,17,18,5,6,9,12,12
2024-03-02,Monmouth,Mount St. Mary's,Home,W,13,12,2,13,9,22,41,23,29,18,8,12,7,19,30,23,33,18,14,12,11,13,10
2024-03-09,Monmouth,Delaware,Home,W,7,16,NA,7,2,9,27,16,26,11,6,16,8,24,45,23,47,17,10,16,7,7,9
2024-03-16,Monmouth,Villanova,Away,W,11,12,NA,11,8,19,31,19,19,18,6,12,6,18,32,22,31,18,9,12,10,11,8
2024-03-23,Monmouth,Stony Brook,Away,W,11,6,NA,11,3,14,29,15,30,15,6,6,3,9,45,25,29,12,7,6,19,11,4
2024-03-30,Monmouth,Hofstra,Away,W,7,8,1,7,3,10,31,17,33,16,3,8,7,15,43,26,33,13,6,8,18,7,10
2024-04-06,Monmouth,Hampton,Home,L,15,4,NA,15,7,22,50,26,32,13,4,4,1,5,26,13,26,20,1,4,9,15,11
2024-04-13,Monmouth,Fairfield,Home,L,10,11,NA,10,6,16,45,22,33,20,8,11,5,16,32,19,32,20,8,11,8,10,12
2024-04-20,Monmouth,Towson,Away,L,2,17,NA,2,1,3,23,12,26,27,6,17,11,28,51,34,47,14,17,17,17,2,10
2024-04-26,Monmouth,Drexel,Home,L,4,6,NA,4,2,6,33,17,20,18,8,6,5,11,41,20,28,19,7,6,14,4,13
2024-02-03,Mount St. Mary's,Navy,Away,L,6,19,NA,6,3,9,39,14,19,15,3,19,6,25,52,31,42,12,7,19,12,6,8
2024-02-10,Mount St. Mary's,Towson,Away,L,5,15,NA,5,5,10,25,13,31,20,5,15,9,24,53,28,44,15,11,15,13,5,8
2024-02-18,Mount St. Mary's,NJIT,Home,W,7,11,NA,7,4,11,34,18,41,18,14,11,6,17,54,29,47,21,10,11,18,7,11
2024-02-24,Mount St. Mary's,UMBC,Home,W,6,18,NA,6,5,11,27,14,30,14,6,18,13,31,51,28,30,12,9,18,10,6,8
2024-03-02,Mount St. Mary's,Monmouth,Away,W,12,13,2,12,7,19,30,23,33,18,14,13,9,22,41,23,29,18,8,13,10,12,11
2024-03-05,Mount St. Mary's,Binghamton,Home,L,12,13,1,12,5,17,42,23,36,14,9,13,5,18,43,25,41,16,8,13,12,12,11
2024-03-10,Mount St. Mary's,Manhattan,Away,L,6,12,NA,6,5,11,36,17,30,12,10,12,6,18,37,25,30,17,8,12,13,6,11
2024-03-16,Mount St. Mary's,LIU,Away,L,6,13,NA,6,4,10,23,12,30,25,10,13,7,20,51,29,39,20,14,13,16,6,6
2024-03-23,Mount St. Mary's,Wagner,Home,W,8,7,NA,8,5,13,27,18,26,16,8,7,4,11,34,18,25,14,9,7,11,8,10
2024-03-27,Mount St. Mary's,VMI,Home,W,8,12,NA,8,6,14,34,16,48,21,10,12,7,19,35,23,35,19,9,12,11,8,8
2024-03-30,Mount St. Mary's,Quinnipiac,Away,W,10,15,NA,10,4,14,35,23,20,12,7,15,4,19,42,27,24,12,4,15,12,10,13
2024-04-06,Mount St. Mary's,Marist,Home,L,10,11,NA,10,9,19,33,20,36,18,12,11,3,14,38,20,40,20,12,11,9,10,10
2024-04-10,Mount St. Mary's,Canisius,Away,W,10,11,NA,10,5,15,47,22,31,22,3,11,4,15,36,26,41,21,8,11,15,10,12
2024-04-13,Mount St. Mary's,Sacred Heart,Home,W,5,16,NA,5,2,7,41,14,29,15,6,16,10,26,45,23,28,14,8,16,7,5,9
2024-04-20,Mount St. Mary's,Siena,Home,W,7,14,NA,7,4,11,43,20,44,22,6,14,13,27,42,25,26,14,9,14,11,7,13
2024-02-03,NJIT,St. John's (NY),Away,W,10,8,NA,10,4,14,38,20,28,26,3,8,4,12,44,28,23,13,13,8,20,10,10
2024-02-10,NJIT,Siena,Home,W,16,15,1,16,12,28,42,26,33,29,14,15,8,23,47,32,22,17,10,15,17,16,10
2024-02-18,NJIT,Mount St. Mary's,Away,W,11,7,NA,11,6,17,54,29,47,21,10,7,4,11,34,18,41,18,14,7,11,11,18
2024-02-21,NJIT,Monmouth,Home,W,14,13,1,14,10,24,35,21,25,16,7,13,5,18,43,26,30,14,9,13,13,14,7
2024-02-24,NJIT,Manhattan,Home,W,11,10,NA,11,5,16,39,28,35,18,13,10,4,14,30,20,27,18,7,10,10,11,17
2024-03-02,NJIT,Wagner,Away,W,15,5,NA,15,10,25,42,25,28,18,14,5,3,8,27,18,24,23,10,5,13,15,10
2024-03-09,NJIT,Lindenwood,Home,L,18,5,NA,18,13,31,47,28,39,14,9,5,3,8,31,19,29,19,7,5,14,18,10
2024-03-16,NJIT,Vermont,Away,L,9,12,NA,9,6,15,27,17,24,18,4,12,5,17,26,18,29,14,8,12,6,9,8
2024-03-23,NJIT,Binghamton,Home,L,12,17,NA,12,8,20,42,27,30,19,2,17,8,25,35,25,29,13,7,17,8,12,15
2024-03-30,NJIT,Bryant,Away,L,8,12,NA,8,6,14,24,17,35,22,13,12,5,17,32,21,40,22,13,12,9,8,9
2024-04-06,NJIT,Merrimack,Home,L,14,15,NA,14,10,24,38,26,38,17,12,15,9,24,45,27,30,16,9,15,12,14,12
2024-04-13,NJIT,UAlbany,Home,W,9,14,NA,9,5,14,40,17,21,21,5,14,7,21,42,29,31,12,10,14,15,9,8
2024-04-20,NJIT,UMBC,Away,L,6,13,NA,6,3,9,33,21,27,29,5,13,6,19,55,37,33,14,13,13,24,6,15
2024-04-27,NJIT,UMass Lowell,Home,L,12,4,NA,12,8,20,44,28,24,11,7,4,3,7,36,18,27,19,5,4,14,12,16
2024-02-03,Navy,Mount St. Mary's,Home,L,19,6,NA,19,6,25,52,31,42,12,7,6,3,9,39,14,19,15,3,6,8,19,12
2024-02-10,Navy,Hofstra,Home,L,16,8,NA,16,9,25,43,24,28,16,5,8,6,14,31,22,27,15,7,8,14,16,8
2024-02-17,Navy,Towson,Away,L,5,17,NA,5,3,8,38,16,23,19,9,17,11,28,41,27,34,18,11,17,10,5,11
2024-02-24,Navy,Penn St.,Home,W,3,13,NA,3,2,5,35,18,41,19,6,13,8,21,45,27,31,15,8,13,14,3,15
2024-03-02,Navy,Boston U.,Away,W,16,9,NA,16,11,27,49,30,42,15,11,9,5,14,40,23,34,17,10,9,14,16,14
2024-03-09,Navy,Lehigh,Away,W,10,12,NA,10,4,14,40,26,26,15,4,12,0,12,33,22,25,13,7,12,10,10,16
2024-03-15,Navy,Johns Hopkins,Away,W,10,9,1,10,7,17,33,19,30,17,6,9,5,14,39,21,30,14,9,9,12,10,9
2024-03-19,Navy,Villanova,Home,W,7,14,NA,7,5,12,37,23,39,19,10,14,7,21,44,29,45,21,12,14,15,7,16
2024-03-23,Navy,Holy Cross,Home,L,17,7,NA,17,10,27,38,25,39,26,6,7,5,12,33,18,33,21,7,7,11,17,8
2024-03-30,Navy,Colgate,Home,L,10,9,NA,10,8,18,39,23,32,20,8,9,5,14,48,24,37,23,11,9,15,10,13
2024-04-06,Navy,Lafayette,Away,W,10,9,NA,10,6,16,48,21,33,13,7,9,3,12,38,19,26,13,10,9,10,10,11
2024-04-13,Navy,Army West Point,Away,L,8,13,NA,8,3,11,46,27,29,13,4,13,8,21,44,27,33,16,5,13,14,8,19
2024-04-19,Navy,Loyola Maryland,Home,L,10,12,NA,10,3,13,45,22,30,17,8,12,8,20,41,24,39,17,5,12,12,10,12
2024-04-26,Navy,Bucknell,Home,W,13,12,1,13,10,23,47,25,33,16,6,12,4,16,33,26,32,12,10,12,14,13,12
2024-04-30,Navy,Loyola Maryland,Home,W,12,10,NA,12,8,20,34,27,37,23,5,10,5,15,40,28,32,12,16,10,18,12,15
2024-05-03,Navy,"Lehigh West Point, N.Y.",Away,L,8,12,NA,8,7,15,28,18,26,16,6,12,7,19,31,19,29,15,10,12,7,8,10
2024-02-10,North Carolina,"Mercer Atlanta, Ga.",Away,W,13,5,NA,13,10,23,56,37,22,16,9,5,4,9,41,18,18,18,3,5,13,13,24
2024-02-17,North Carolina,"Fairfield Bethesda, Md.",Away,W,19,8,NA,19,11,30,56,29,44,17,13,8,0,8,35,19,29,23,6,8,11,19,10
2024-02-24,North Carolina,Johns Hopkins,Home,W,9,13,NA,9,6,15,40,22,31,15,8,13,8,21,41,24,36,13,7,13,11,9,13
2024-03-01,North Carolina,Princeton,Home,W,9,15,NA,9,5,14,44,21,38,19,8,15,11,26,45,24,42,18,10,15,9,9,12
2024-03-03,North Carolina,Penn,Home,L,13,9,NA,13,7,20,45,25,37,10,7,9,3,12,30,19,27,12,3,9,10,13,12
2024-03-09,North Carolina,Hofstra,Away,W,21,9,NA,21,16,37,57,34,43,13,10,9,4,13,38,20,27,18,3,9,11,21,13
2024-03-12,North Carolina,Wagner,Away,W,18,4,NA,18,14,32,59,38,47,17,13,4,1,5,21,9,19,23,4,4,5,18,20
2024-03-16,North Carolina,Stony Brook,Away,W,12,8,NA,12,5,17,56,31,28,14,6,8,3,11,39,18,27,15,7,8,10,12,19
2024-03-23,North Carolina,High Point,Home,L,11,12,NA,11,5,16,38,22,27,13,8,12,6,18,39,20,31,19,3,12,8,11,11
2024-03-30,North Carolina,Army West Point,Home,L,12,13,NA,12,5,17,42,31,39,18,7,13,5,18,47,25,40,14,13,13,12,12,19
2024-04-06,North Carolina,Virginia,Away,L,6,14,NA,6,5,11,36,17,37,23,7,14,7,21,38,24,34,15,13,14,10,6,11
2024-04-13,North Carolina,Syracuse,Home,W,9,10,NA,9,5,14,33,22,35,20,8,10,9,19,40,27,37,15,10,10,17,9,13
2024-04-20,North Carolina,Notre Dame,Away,L,6,14,NA,6,3,9,37,19,29,17,8,14,9,23,36,22,27,14,10,14,8,6,13
2024-04-27,North Carolina,Duke,Home,W,15,12,NA,15,9,24,50,28,39,16,8,12,6,18,45,27,25,13,5,12,15,15,13
2024-02-14,Notre Dame,Cleveland St.,Home,L,25,3,NA,25,18,43,49,35,44,10,10,3,1,4,17,13,14,19,5,3,10,25,10
2024-02-18,Notre Dame,Marquette,Away,W,21,8,NA,21,11,32,47,27,32,10,7,8,6,14,32,17,25,18,4,8,9,21,6
2024-02-25,Notre Dame,Georgetown,Home,L,10,11,1,10,5,15,36,21,26,15,10,11,6,17,35,19,18,17,6,11,8,10,11
2024-03-03,Notre Dame,Maryland,Home,L,14,9,NA,14,10,24,43,23,33,18,11,9,7,16,36,23,23,16,9,9,14,14,9
2024-03-09,Notre Dame,Ohio St.,Away,L,13,10,NA,13,9,22,36,24,31,13,8,10,5,15,43,21,30,13,10,10,11,13,11
2024-03-16,Notre Dame,Michigan,Home,L,19,9,NA,19,12,31,42,29,38,15,10,9,7,16,42,26,30,18,7,9,17,19,10
2024-03-30,Notre Dame,Syracuse,Home,W,14,12,NA,14,5,19,54,29,39,17,13,12,7,19,41,20,23,20,10,12,8,14,15
2024-04-07,Notre Dame,Duke,Away,L,15,12,NA,15,7,22,46,25,25,13,9,12,6,18,53,26,34,16,6,12,14,15,10
2024-04-14,Notre Dame,"Cornell Brookvill, NY",Away,L,18,17,NA,18,8,26,50,32,39,11,6,17,12,29,45,30,40,12,6,17,13,18,14
2024-04-20,Notre Dame,North Carolina,Home,L,14,6,NA,14,9,23,36,22,27,14,10,6,3,9,37,19,29,17,8,6,13,14,8
2024-04-27,Notre Dame,Virginia,Away,W,11,9,NA,11,9,20,42,23,51,21,12,9,4,13,30,20,26,27,13,9,11,11,12
2024-05-03,Notre Dame,"Virginia Charlotte, NC",Away,W,18,9,NA,18,12,30,41,26,30,19,5,9,3,12,43,27,25,12,10,9,18,18,8
2024-05-05,Notre Dame,"Duke Charlotte, NC",Away,W,16,6,NA,16,9,25,36,23,28,11,4,6,5,11,29,18,17,11,3,6,12,16,7
2024-05-12,Notre Dame,UAlbany,Home,L,14,9,NA,14,11,25,34,24,35,16,9,9,5,14,31,17,22,18,6,9,8,14,10
2024-05-18,Notre Dame,"Georgetown Hempstead, New York",Away,L,16,11,NA,16,8,24,43,24,30,15,4,11,7,18,33,19,23,11,6,11,8,16,8
2024-05-25,Notre Dame,"Denver Philadelphia, Pa.",Away,W,13,6,NA,13,7,20,35,23,44,20,10,6,2,8,30,18,24,15,12,6,12,13,10
2024-05-27,Notre Dame,"Maryland Philadelphia, Pa.",Away,W,15,5,NA,15,10,25,42,25,30,10,11,5,5,10,35,21,33,16,5,5,16,15,10
2024-02-03,Ohio St.,Utah,Home,L,11,8,NA,11,2,13,40,18,36,22,12,8,2,10,36,18,30,17,12,8,10,11,7
2024-02-10,Ohio St.,Cleveland St.,Home,L,13,6,NA,13,6,19,54,25,42,16,5,6,2,8,33,21,23,14,7,6,15,13,12
2024-02-13,Ohio St.,Bellarmine,Home,L,10,6,NA,10,3,13,33,18,33,21,15,6,4,10,26,14,30,22,8,6,8,10,8
2024-02-17,Ohio St.,Air Force,Away,W,12,4,NA,12,4,16,36,19,29,17,10,4,4,8,26,13,17,16,8,4,9,12,7
2024-02-25,Ohio St.,Virginia,Away,L,8,14,NA,8,5,13,39,26,30,15,7,14,8,22,48,31,36,11,10,14,17,8,18
2024-03-02,Ohio St.,Cornell,Away,W,11,15,NA,11,6,17,41,24,30,21,8,15,7,22,39,26,32,13,8,15,11,11,13
2024-03-09,Ohio St.,Notre Dame,Home,L,10,13,NA,10,5,15,43,21,30,13,10,13,9,22,36,24,31,13,8,13,11,10,11
2024-03-12,Ohio St.,Detroit Mercy,Home,W,16,10,NA,16,6,22,52,31,52,13,8,10,4,14,24,15,28,16,9,10,5,16,15
2024-03-17,Ohio St.,Denver,Home,L,6,9,NA,6,4,10,34,19,30,17,11,9,4,13,35,19,24,18,5,9,10,6,13
2024-03-24,Ohio St.,Penn St.,Home,W,9,12,NA,9,6,15,40,17,35,13,6,12,5,17,37,24,30,13,6,12,12,9,8
2024-03-30,Ohio St.,Rutgers,Away,W,14,8,NA,14,8,22,44,26,41,14,7,8,6,14,34,20,24,15,5,8,12,14,12
2024-04-06,Ohio St.,Maryland,Away,W,7,8,NA,7,3,10,23,17,17,17,8,8,4,12,35,19,26,19,8,8,11,7,10
2024-04-14,Ohio St.,Johns Hopkins,Home,L,10,11,1,10,5,15,40,18,35,16,11,11,4,15,36,22,33,16,9,11,11,10,8
2024-04-20,Ohio St.,Michigan,Home,L,12,13,NA,12,7,19,39,23,41,15,14,13,4,17,36,23,42,21,8,13,10,12,11
2024-04-27,Ohio St.,Michigan,Away,L,9,15,NA,9,5,14,35,21,29,12,6,15,5,20,48,25,27,11,7,15,10,9,12
2024-02-17,Penn,Georgetown,Home,W,9,12,NA,9,5,14,36,21,18,10,5,12,9,21,40,23,30,15,4,12,11,9,12
2024-02-20,Penn,UAlbany,Home,L,11,7,NA,11,9,20,29,20,32,18,5,7,6,13,45,24,28,15,4,7,17,11,9
2024-02-24,Penn,Delaware,Home,W,11,10,NA,11,8,19,45,26,36,17,3,10,3,13,39,26,29,6,6,10,16,11,15
2024-03-01,Penn,Duke,Away,L,14,12,NA,14,10,24,42,26,32,16,8,12,6,18,47,29,33,14,11,12,17,14,12
2024-03-03,Penn,North Carolina,Away,L,9,13,NA,9,3,12,30,19,27,12,3,13,7,20,45,25,37,10,7,13,12,9,10
2024-03-09,Penn,Villanova,Away,W,11,8,NA,11,8,19,35,20,21,17,8,8,5,13,37,24,33,19,13,8,16,11,9
2024-03-16,Penn,Brown,Home,L,11,6,NA,11,6,17,29,19,22,21,6,6,4,10,43,22,34,16,9,6,16,11,8
2024-03-19,Penn,Saint Joseph's,Home,W,7,12,NA,7,5,12,36,22,27,15,10,12,4,16,43,28,25,18,4,12,16,7,15
2024-03-23,Penn,Dartmouth,Away,W,11,8,NA,11,7,18,32,20,49,25,12,8,6,14,31,18,37,24,14,8,10,11,9
2024-03-30,Penn,Cornell,Home,W,11,10,2,11,6,17,33,22,22,16,10,10,5,15,36,27,25,18,7,10,17,11,11
2024-04-06,Penn,Yale,Away,L,9,12,NA,9,7,16,33,19,16,16,3,12,6,18,50,28,38,13,4,12,16,9,10
2024-04-13,Penn,Harvard,Home,W,15,12,NA,15,13,28,45,29,31,15,2,12,5,17,38,30,22,11,8,12,18,15,14
2024-04-20,Penn,Princeton,Away,W,10,15,NA,10,4,14,46,25,35,14,9,15,7,22,56,32,38,15,8,15,17,10,15
2024-05-03,Penn,Cornell,Away,W,13,9,NA,13,5,18,35,24,28,14,1,9,5,14,45,28,33,8,10,9,19,13,11
2024-05-05,Penn,"Princeton Ithaca, N.Y.",Away,W,11,18,NA,11,3,14,31,22,28,15,6,18,9,27,57,38,41,11,12,18,20,11,11
2024-02-03,Penn St.,Colgate,Home,L,12,13,NA,12,10,22,43,25,39,25,12,13,2,15,37,20,37,21,15,13,7,12,13
2024-02-10,Penn St.,Villanova,Home,W,18,10,NA,18,10,28,37,24,35,19,12,10,4,14,45,24,35,24,7,10,14,18,6
2024-02-17,Penn St.,Stony Brook,Away,L,14,10,NA,14,8,22,39,22,44,16,6,10,9,19,38,20,29,15,7,10,10,14,8
2024-02-24,Penn St.,Navy,Away,W,13,3,NA,13,8,21,45,27,31,15,8,3,2,5,35,18,41,19,6,3,15,13,14
2024-03-02,Penn St.,Yale,Home,W,15,14,1,15,9,24,44,30,31,13,8,14,9,23,56,31,42,16,7,14,17,15,15
2024-03-09,Penn St.,Cornell,Home,L,20,9,NA,20,12,32,48,31,30,14,9,9,7,16,40,24,33,17,10,9,15,20,11
2024-03-16,Penn St.,"Marquette Springfield, Pa.",Away,W,13,7,NA,13,8,21,52,31,32,12,4,7,4,11,38,19,18,14,6,7,12,13,18
2024-03-24,Penn St.,Ohio St.,Away,W,12,9,NA,12,5,17,37,24,30,13,6,9,6,15,40,17,35,13,6,9,8,12,12
2024-03-31,Penn St.,Maryland,Home,L,11,13,NA,11,4,15,33,20,22,17,7,13,9,22,48,29,31,12,6,13,16,11,9
2024-04-06,Penn St.,Johns Hopkins,Away,W,8,9,1,8,3,11,41,24,28,17,4,9,4,13,34,25,29,9,14,9,16,8,16
2024-04-13,Penn St.,Michigan,Home,L,14,8,NA,14,9,23,43,25,20,19,6,8,2,10,54,27,22,15,8,8,19,14,11
2024-04-19,Penn St.,Rutgers,Away,W,15,9,NA,15,9,24,35,21,30,16,9,9,5,14,38,23,27,14,11,9,14,15,6
2024-04-27,Penn St.,Rutgers,Home,L,14,8,NA,14,8,22,50,32,31,10,4,8,3,11,37,26,14,9,4,8,18,14,18
2024-05-02,Penn St.,"Maryland Columbus, Ohio",Away,W,19,9,NA,19,7,26,47,27,33,10,6,9,5,14,40,20,36,11,4,9,11,19,8
2024-05-04,Penn St.,"Michigan Columbus, Ohio",Away,L,4,16,NA,4,3,7,36,16,26,18,10,16,11,27,33,22,37,25,9,16,6,4,12
2024-05-12,Penn St.,Georgetown,Away,L,9,12,NA,9,6,15,39,19,39,18,8,12,7,19,48,25,37,12,11,12,13,9,10
2024-02-18,Princeton,Monmouth,Home,L,15,5,NA,15,8,23,49,35,38,13,14,5,3,8,29,19,32,19,7,5,14,15,20
2024-02-20,Princeton,Manhattan,Home,L,15,6,NA,15,9,24,46,31,35,15,8,6,0,6,29,14,36,21,9,6,8,15,16
2024-02-24,Princeton,Maryland,Away,L,7,13,NA,7,5,12,29,17,16,13,4,13,7,20,45,33,35,13,7,13,20,7,10
2024-03-01,Princeton,North Carolina,Away,W,15,9,NA,15,11,26,45,24,42,18,10,9,5,14,44,21,38,19,8,9,12,15,9
2024-03-03,Princeton,Duke,Away,L,8,17,NA,8,5,13,40,24,33,13,6,17,7,24,47,34,28,8,10,17,17,8,16
2024-03-10,Princeton,Rutgers,Away,W,14,8,NA,14,4,18,44,30,28,17,14,8,2,10,38,23,30,20,8,8,15,14,16
2024-03-17,Princeton,Cornell,Home,L,14,15,NA,14,5,19,48,26,38,15,14,15,10,25,46,26,40,15,9,15,11,14,12
2024-03-23,Princeton,Harvard,Away,L,14,11,NA,14,8,22,54,34,36,17,5,11,7,18,32,17,18,15,6,11,6,14,20
2024-03-30,Princeton,Dartmouth,Home,L,15,5,NA,15,9,24,55,36,31,9,9,5,0,5,30,20,21,14,6,5,15,15,21
2024-04-02,Princeton,Lehigh,Home,W,12,10,NA,12,6,18,44,22,31,12,13,10,4,14,34,21,36,17,9,10,11,12,10
2024-04-13,Princeton,Brown,Away,W,12,13,NA,12,8,20,39,26,34,19,11,13,3,16,40,26,31,16,11,13,13,12,14
2024-04-20,Princeton,Penn,Home,W,15,10,NA,15,7,22,56,32,38,15,8,10,4,14,46,25,35,14,9,10,15,15,17
2024-04-27,Princeton,Yale,Away,W,15,8,NA,15,3,18,51,25,43,17,6,8,1,9,37,24,22,9,10,8,16,15,10
2024-05-03,Princeton,"Yale Ithaca, N.Y.",Away,L,14,10,NA,14,7,21,43,30,37,15,7,10,4,14,39,26,25,13,7,10,16,14,16
2024-05-05,Princeton,"Penn Ithaca, N.Y.",Away,L,18,11,NA,18,9,27,57,38,41,11,12,11,3,14,31,22,28,15,6,11,11,18,20
2024-05-11,Princeton,Maryland,Away,L,8,16,NA,8,4,12,31,19,24,19,12,16,8,24,37,25,30,19,9,16,9,8,11
2024-02-04,Providence,Holy Cross,Away,W,12,6,NA,12,7,19,39,20,35,27,3,6,2,8,32,19,24,16,12,6,13,12,8
2024-02-10,Providence,Bryant,Home,L,13,15,NA,13,9,22,30,21,28,14,8,15,9,24,53,23,40,13,8,15,8,13,8
2024-02-17,Providence,Harvard,Away,L,7,23,NA,7,4,11,29,18,26,20,6,23,12,35,43,33,43,13,11,23,10,7,11
2024-02-24,Providence,Brown,Home,W,12,11,1,12,8,20,53,30,34,13,10,11,8,19,44,22,33,20,4,11,11,12,18
2024-03-02,Providence,Fairfield,Away,W,12,14,NA,12,7,19,47,27,21,6,6,14,10,24,28,24,21,13,4,14,10,12,15
2024-03-05,Providence,Merrimack,Home,W,17,10,NA,17,13,30,47,30,35,15,4,10,6,16,39,26,26,10,6,10,16,17,13
2024-03-09,Providence,Stony Brook,Away,L,13,12,1,13,5,18,55,32,31,11,10,12,6,18,31,22,34,22,3,12,10,13,19
2024-03-13,Providence,Duke,Away,L,6,21,NA,6,2,8,29,16,26,20,8,21,14,35,40,29,41,19,10,21,8,6,10
2024-03-23,Providence,Saint Joseph's,Home,L,12,13,1,12,7,19,30,15,18,18,3,13,6,19,56,27,34,15,3,13,14,12,3
2024-03-30,Providence,Georgetown,Home,L,10,15,NA,10,3,13,26,16,25,16,6,15,12,27,38,27,34,13,8,15,12,10,6
2024-04-06,Providence,Villanova,Away,L,15,12,NA,15,10,25,36,21,33,30,10,12,10,22,50,29,39,17,20,12,17,15,6
2024-04-13,Providence,Marquette,Away,L,13,10,NA,13,7,20,38,25,32,11,10,10,8,18,34,21,32,17,4,10,11,13,12
2024-04-20,Providence,Denver,Home,L,4,7,NA,4,1,5,28,14,25,17,9,7,3,10,38,16,32,21,10,7,9,4,10
2024-04-26,Providence,St. John's (NY),Away,L,16,13,NA,16,12,28,39,28,33,14,7,13,6,19,39,22,31,18,4,13,9,16,12
2024-05-02,Providence,"Georgetown Villanova, Pa.",Away,W,13,14,1,13,7,20,44,21,30,14,5,14,9,23,41,23,33,14,8,14,9,13,8
2024-02-10,Queens (NC),VMI,Away,W,10,14,NA,10,6,16,37,19,23,22,6,14,7,21,38,23,29,22,10,14,9,10,9
2024-02-18,Queens (NC),High Point,Home,W,8,17,NA,8,3,11,28,16,20,22,2,17,14,31,57,37,39,13,9,17,20,8,8
2024-02-24,Queens (NC),Hampton,Home,L,14,7,NA,14,11,25,50,35,39,28,12,7,3,10,35,18,24,25,13,7,11,14,21
2024-02-28,Queens (NC),St. John's (NY),Home,W,8,11,NA,8,3,11,34,17,23,14,9,11,9,20,35,22,25,16,4,11,11,8,9
2024-03-16,Queens (NC),Air Force,Away,W,10,14,NA,10,6,16,27,16,24,16,8,14,11,25,42,24,34,15,8,14,10,10,6
2024-03-20,Queens (NC),Lindenwood,Home,W,8,3,NA,8,3,11,39,25,27,18,5,3,2,5,35,21,29,19,9,3,18,8,17
2024-03-23,Queens (NC),Bellarmine,Home,W,5,12,NA,5,2,7,32,20,16,15,7,12,4,16,55,34,29,18,7,12,22,5,15
2024-03-30,Queens (NC),Detroit Mercy,Away,L,7,12,NA,7,4,11,37,19,33,22,7,12,5,17,44,25,25,12,8,12,13,7,12
2024-04-06,Queens (NC),Jacksonville,Home,W,5,19,NA,5,3,8,34,17,21,16,7,19,18,37,53,30,36,18,10,19,11,5,12
2024-04-10,Queens (NC),Cleveland St.,Away,L,7,12,NA,7,2,9,39,26,26,10,7,12,7,19,41,25,40,17,4,12,13,7,19
2024-04-13,Queens (NC),Robert Morris,Away,W,13,14,1,13,6,19,49,29,23,17,7,14,9,23,41,30,44,13,13,14,16,13,16
2024-04-20,Queens (NC),Mercer,Home,W,9,10,3,9,7,16,39,21,24,22,9,10,2,12,70,28,41,20,13,10,18,9,12
2024-04-27,Queens (NC),Utah,Away,L,8,25,NA,8,5,13,32,21,26,25,4,25,14,39,57,44,49,11,16,25,19,8,13
2024-02-10,Quinnipiac,St. John's (NY),Away,L,17,11,NA,17,9,26,33,26,28,17,5,11,6,17,52,30,27,13,5,11,19,17,9
2024-02-17,Quinnipiac,Brown,Home,L,13,7,NA,13,6,19,39,22,27,16,11,7,4,11,46,22,20,13,10,7,15,13,9
2024-02-24,Quinnipiac,Bryant,Away,L,13,10,NA,13,9,22,36,21,39,13,5,10,3,13,43,28,35,17,7,10,19,13,8
2024-03-02,Quinnipiac,Merrimack,Away,L,15,12,NA,15,9,24,49,31,33,16,6,12,7,19,47,27,34,18,5,12,15,15,16
2024-03-09,Quinnipiac,Canisius,Away,W,14,7,NA,14,7,21,35,24,28,12,6,7,3,10,45,23,26,10,4,7,16,14,10
2024-03-16,Quinnipiac,Wagner,Home,L,14,8,NA,14,11,25,45,26,25,14,9,8,4,12,35,22,24,16,9,8,14,14,12
2024-03-23,Quinnipiac,Marist,Away,L,13,10,NA,13,6,19,32,23,38,20,10,10,4,14,41,21,39,17,11,10,11,13,10
2024-03-27,Quinnipiac,Manhattan,Away,W,12,15,NA,12,4,16,45,24,43,13,4,15,6,21,39,27,25,9,6,15,12,12,12
2024-03-30,Quinnipiac,Mount St. Mary's,Home,W,15,10,NA,15,4,19,42,27,24,12,4,10,4,14,35,23,20,12,7,10,13,15,12
2024-04-06,Quinnipiac,Siena,Away,W,10,13,NA,10,9,19,25,13,16,17,2,13,9,22,48,30,31,7,6,13,17,10,3
2024-04-10,Quinnipiac,Sacred Heart,Home,L,12,13,NA,12,6,18,36,24,21,13,4,13,5,18,68,35,32,13,5,13,22,12,12
2024-04-13,Quinnipiac,VMI,Home,W,13,12,NA,13,8,21,38,23,28,14,7,12,7,19,33,29,29,11,7,12,17,13,10
2024-04-20,Quinnipiac,LIU,Away,L,9,10,1,9,4,13,48,28,25,18,13,10,9,19,37,25,29,20,12,10,15,9,19
2024-04-27,Quinnipiac,Manhattan,Away,W,13,14,NA,13,9,22,34,24,33,8,5,14,9,23,46,25,31,9,3,14,11,13,11
2024-02-03,Richmond,Maryland,Home,L,11,12,2,11,6,17,36,24,26,16,6,12,7,19,36,22,27,17,8,12,10,11,13
2024-02-10,Richmond,"Robert Morris North Bethesda, Md.",Away,W,23,7,NA,23,13,36,54,36,35,13,13,7,3,10,20,14,20,23,3,7,7,23,13
2024-02-17,Richmond,Virginia,Home,L,10,14,NA,10,6,16,36,22,27,19,5,14,13,27,47,31,30,12,5,14,17,10,12
2024-02-24,Richmond,St. John's (NY),Home,L,18,2,NA,18,10,28,52,36,34,16,9,2,1,3,38,20,25,18,6,2,18,18,18
2024-03-02,Richmond,Binghamton,Home,W,19,10,NA,19,11,30,59,34,26,7,12,10,5,15,34,21,25,19,2,10,11,19,15
2024-03-08,Richmond,UMBC,Away,W,13,4,NA,13,7,20,45,27,33,15,4,4,3,7,29,19,23,14,9,4,15,13,14
2024-03-12,Richmond,Bucknell,Away,W,17,5,NA,17,11,28,31,24,32,23,9,5,1,6,35,17,35,23,15,5,12,17,7
2024-03-16,Richmond,Duke,Home,W,3,12,NA,3,2,5,30,15,20,17,5,12,8,20,44,21,23,13,7,12,9,3,12
2024-03-23,Richmond,Georgetown,Home,W,8,14,NA,8,6,14,41,22,25,11,7,14,10,24,27,24,33,18,7,14,10,8,14
2024-03-30,Richmond,St. Bonaventure,Away,W,19,8,NA,19,9,28,49,30,37,17,15,8,3,11,28,14,24,23,8,8,6,19,11
2024-04-06,Richmond,Hobart,Home,L,21,8,NA,21,13,34,52,35,60,13,15,8,6,14,33,17,32,23,4,8,9,21,14
2024-04-13,Richmond,High Point,Away,L,9,5,NA,9,4,13,29,18,33,17,12,5,2,7,42,17,27,18,12,5,12,9,9
2024-04-20,Richmond,Massachusetts,Away,L,14,12,NA,14,7,21,39,26,38,15,9,12,10,22,40,25,32,14,8,12,13,14,12
2024-04-27,Richmond,Saint Joseph's,Home,W,9,10,NA,9,4,13,33,17,28,18,10,10,8,18,38,19,25,16,13,10,9,9,8
2024-05-02,Richmond,"High Point Amherst, Mass.",Away,L,11,10,NA,11,7,18,47,22,33,14,8,10,6,16,41,20,38,21,8,10,10,11,11
2024-05-04,Richmond,"Saint Joseph's Amherst, Mass.",Away,W,13,17,NA,13,7,20,38,27,44,18,11,17,12,29,42,27,43,18,9,17,10,13,14
2024-02-10,Robert Morris,"Richmond North Bethesda, Md.",Away,L,7,23,NA,7,3,10,20,14,20,23,3,23,13,36,54,36,35,13,13,23,13,7,7
2024-02-20,Robert Morris,St. Bonaventure,Away,L,16,11,NA,16,9,25,43,30,31,18,9,11,6,17,31,23,30,21,8,11,12,16,14
2024-02-24,Robert Morris,Canisius,Home,L,8,9,1,8,4,12,40,23,25,17,10,9,2,11,36,16,26,20,10,9,7,8,15
2024-03-02,Robert Morris,Hobart,Away,W,10,15,NA,10,1,11,35,21,20,16,9,15,10,25,52,26,36,18,8,15,11,10,11
2024-03-05,Robert Morris,Virginia,Away,L,7,16,NA,7,4,11,35,23,40,23,6,16,10,26,54,33,51,20,14,16,17,7,16
2024-03-16,Robert Morris,Jacksonville,Away,L,9,13,NA,9,1,10,32,23,11,14,4,13,8,21,39,26,35,12,7,13,13,9,14
2024-03-20,Robert Morris,Detroit Mercy,Home,W,13,12,1,13,9,22,50,30,41,17,8,12,7,19,38,26,16,16,7,12,14,13,17
2024-03-23,Robert Morris,Cleveland St.,Away,L,6,13,NA,6,6,12,37,17,30,28,10,13,6,19,35,19,31,24,6,13,6,6,11
2024-03-30,Robert Morris,Mercer,Home,L,15,7,NA,15,9,24,46,31,36,16,9,7,5,12,31,18,20,19,8,7,11,15,16
2024-04-05,Robert Morris,Utah,Away,L,6,14,NA,6,3,9,32,13,32,24,8,14,9,23,49,30,36,15,15,14,16,6,7
2024-04-10,Robert Morris,Bellarmine,Away,W,12,15,NA,12,8,20,44,27,36,23,7,15,8,23,49,31,28,21,10,15,16,12,15
2024-04-13,Robert Morris,Queens (NC),Home,W,14,13,1,14,9,23,41,30,44,13,13,13,6,19,49,29,23,17,7,13,16,14,16
2024-04-20,Robert Morris,Lindenwood,Away,W,10,9,NA,10,7,17,37,24,39,22,10,9,6,15,35,24,21,13,8,9,15,10,14
2024-04-27,Robert Morris,Air Force,Home,L,11,14,NA,11,6,17,45,24,34,15,11,14,8,22,38,24,35,18,6,14,10,11,13
2024-04-30,Robert Morris,"Jacksonville USAF Academy, Colo.",Away,W,12,17,NA,12,4,16,43,27,24,12,6,17,12,29,47,25,35,17,7,17,8,12,15
2024-02-03,Rutgers,Lehigh,Home,W,14,12,NA,14,9,23,38,24,32,14,3,12,2,14,40,22,22,11,4,12,10,14,10
2024-02-10,Rutgers,Stony Brook,Away,L,16,12,NA,16,9,25,43,29,41,14,9,12,10,22,41,21,29,14,5,12,9,16,13
2024-02-17,Rutgers,Army West Point,Home,W,7,16,NA,7,2,9,28,15,23,17,5,16,9,25,42,30,36,15,7,16,14,7,8
2024-02-24,Rutgers,Loyola Maryland,Away,W,13,5,NA,13,6,19,46,27,28,11,4,5,1,6,37,20,23,12,8,5,15,13,14
2024-03-02,Rutgers,Hofstra,Home,L,13,8,NA,13,5,18,46,25,25,11,5,8,5,13,33,19,27,18,4,8,11,13,12
2024-03-05,Rutgers,Detroit Mercy,Home,L,17,5,NA,17,7,24,53,29,39,12,8,5,2,7,26,14,25,19,7,5,9,17,12
2024-03-10,Rutgers,Princeton,Home,W,8,14,NA,8,2,10,38,23,30,20,8,14,4,18,44,30,28,17,14,14,16,8,15
2024-03-16,Rutgers,Massachusetts,Home,L,10,9,NA,10,5,15,50,26,32,10,7,9,7,16,39,28,25,10,4,9,19,10,16
2024-03-24,Rutgers,Johns Hopkins,Home,W,8,13,NA,8,5,13,35,21,28,10,9,13,7,20,33,23,19,14,2,13,10,8,13
2024-03-30,Rutgers,Ohio St.,Home,W,8,14,NA,8,6,14,34,20,24,15,5,14,8,22,44,26,41,14,7,14,12,8,12
2024-04-07,Rutgers,Michigan,Away,L,9,7,NA,9,5,14,40,21,22,16,3,7,6,13,46,26,25,8,14,7,19,9,12
2024-04-13,Rutgers,Maryland,Away,L,6,11,NA,6,4,10,36,21,25,13,6,11,7,18,30,25,32,15,6,11,14,6,15
2024-04-19,Rutgers,Penn St.,Home,W,9,15,NA,9,5,14,38,23,27,14,11,15,9,24,35,21,30,16,9,15,6,9,14
2024-04-27,Rutgers,Penn St.,Away,L,8,14,NA,8,3,11,37,26,14,9,4,14,8,22,50,32,31,10,4,14,18,8,18
2024-02-04,Sacred Heart,Stony Brook,Home,L,14,17,NA,14,10,24,43,30,33,15,5,17,11,28,37,25,28,14,8,17,8,14,16
2024-02-10,Sacred Heart,Merrimack,Away,W,10,11,NA,10,7,17,51,26,31,18,4,11,5,16,37,25,23,13,9,11,14,10,16
2024-02-17,Sacred Heart,Holy Cross,Away,L,9,10,NA,9,7,16,37,21,29,19,8,10,4,14,33,21,30,22,5,10,11,9,12
2024-02-21,Sacred Heart,Fairfield,Home,L,13,9,NA,13,6,19,41,23,37,24,11,9,5,14,42,20,27,15,9,9,11,13,10
2024-02-25,Sacred Heart,Le Moyne,Home,L,15,7,NA,15,8,23,43,23,31,14,8,7,4,11,42,21,25,17,2,7,14,15,8
2024-03-02,Sacred Heart,Drexel,Away,L,6,12,NA,6,2,8,33,19,16,19,3,12,7,19,47,30,30,10,5,12,18,6,13
2024-03-09,Sacred Heart,Siena,Home,L,18,8,NA,18,9,27,46,29,30,14,6,8,3,11,40,22,28,15,3,8,14,18,11
2024-03-16,Sacred Heart,Manhattan,Home,W,14,12,NA,14,7,21,47,30,31,11,1,12,7,19,38,26,25,11,7,12,14,14,16
2024-03-23,Sacred Heart,VMI,Away,W,18,8,NA,18,6,24,53,29,33,17,7,8,5,13,32,20,23,21,9,8,12,18,11
2024-03-27,Sacred Heart,Marist,Home,L,12,7,NA,12,8,20,50,26,31,15,6,7,2,9,32,15,23,17,2,7,8,12,14
2024-03-30,Sacred Heart,LIU,Away,W,17,6,NA,17,7,24,53,27,34,16,7,6,4,10,32,16,17,14,10,6,10,17,10
2024-04-06,Sacred Heart,Wagner,Home,L,19,6,NA,19,14,33,48,27,36,14,6,6,1,7,33,22,25,13,6,6,16,19,8
2024-04-10,Sacred Heart,Quinnipiac,Away,L,13,12,NA,13,5,18,68,35,32,13,5,12,6,18,36,24,21,13,4,12,12,13,22
2024-04-13,Sacred Heart,Mount St. Mary's,Away,W,16,5,NA,16,10,26,45,23,28,14,8,5,2,7,41,14,29,15,6,5,9,16,7
2024-04-20,Sacred Heart,Canisius,Away,L,13,12,NA,13,6,19,44,25,41,18,8,12,5,17,41,18,37,22,8,12,6,13,12
2024-05-02,Sacred Heart,"Siena Riverdale, NY",Away,L,15,13,NA,15,7,22,40,24,32,19,5,13,7,20,54,32,33,9,11,13,19,15,9
2024-05-04,Sacred Heart,Manhattan,Away,W,11,5,NA,11,10,21,28,20,34,15,9,5,3,8,37,20,24,13,8,5,15,11,9
2024-05-08,Sacred Heart,UAlbany,Away,L,7,13,NA,7,5,12,36,19,30,12,6,13,5,18,36,26,38,12,5,13,13,7,12
2024-02-06,Saint Joseph's,"Boston U. Westport, Conn.",Away,W,10,14,NA,10,5,15,45,28,34,15,14,14,7,21,36,21,35,22,10,14,7,10,18
2024-02-17,Saint Joseph's,Duke,Away,W,10,19,NA,10,6,16,40,25,25,16,7,19,10,29,39,27,46,19,15,19,8,10,15
2024-02-23,Saint Joseph's,Towson,Home,W,7,15,NA,7,4,11,44,20,28,16,11,15,6,21,30,19,27,15,9,15,4,7,13
2024-03-03,Saint Joseph's,Air Force,Home,W,15,11,NA,15,9,24,35,25,28,18,7,11,7,18,34,24,31,18,7,11,13,15,10
2024-03-10,Saint Joseph's,Drexel,Home,L,15,6,NA,15,5,20,46,29,32,11,10,6,3,9,26,10,22,20,5,6,4,15,14
2024-03-16,Saint Joseph's,St. John's (NY),Home,L,15,8,NA,15,3,18,39,26,28,10,7,8,4,12,34,18,30,17,3,8,10,15,11
2024-03-19,Saint Joseph's,Penn,Away,W,12,7,NA,12,4,16,43,28,25,18,4,7,5,12,36,22,27,15,10,7,15,12,16
2024-03-23,Saint Joseph's,Providence,Away,L,13,12,1,13,6,19,56,27,34,15,3,12,7,19,30,15,18,18,3,12,3,13,14
2024-03-30,Saint Joseph's,High Point,Home,L,15,7,NA,15,3,18,45,29,35,13,10,7,4,11,33,22,28,21,7,7,15,15,14
2024-04-06,Saint Joseph's,Massachusetts,Away,W,12,7,NA,12,8,20,44,22,32,16,7,7,3,10,28,17,24,11,8,7,10,12,10
2024-04-13,Saint Joseph's,Hobart,Away,W,12,7,NA,12,6,18,59,30,38,15,13,7,1,8,28,14,17,21,6,7,7,12,18
2024-04-20,Saint Joseph's,St. Bonaventure,Home,L,24,3,NA,24,12,36,63,36,47,15,15,3,1,4,18,12,26,26,6,3,9,24,12
2024-04-27,Saint Joseph's,Richmond,Away,W,10,9,NA,10,8,18,38,19,25,16,13,9,4,13,33,17,28,18,10,9,8,10,9
2024-05-02,Saint Joseph's,Massachusetts,Away,W,11,9,NA,11,6,17,48,30,38,18,14,9,5,14,34,20,39,23,9,9,11,11,19
2024-05-04,Saint Joseph's,"Richmond Amherst, Mass.",Away,L,17,13,NA,17,12,29,42,27,43,18,9,13,7,20,38,27,44,18,11,13,14,17,10
2024-05-11,Saint Joseph's,Virginia,Away,W,11,17,NA,11,4,15,29,22,35,19,7,17,10,27,48,29,40,15,15,17,12,11,11
2024-02-10,Siena,NJIT,Away,W,15,16,1,15,8,23,47,32,22,17,10,16,12,28,42,26,33,29,14,16,10,15,17
2024-02-17,Siena,Hofstra,Away,W,12,14,NA,12,10,22,30,19,29,22,11,14,6,20,49,26,40,20,10,14,12,12,7
2024-02-23,Siena,UMass Lowell,Away,W,13,8,NA,13,4,17,39,22,28,16,7,8,4,12,37,22,28,19,5,8,14,13,9
2024-02-28,Siena,Le Moyne,Home,L,11,9,NA,11,9,20,39,23,40,11,13,9,5,14,34,19,31,15,4,9,10,11,12
2024-03-02,Siena,Dartmouth,Home,L,11,12,NA,11,7,18,33,20,29,25,10,12,9,21,43,27,42,17,9,12,15,11,9
2024-03-09,Siena,Sacred Heart,Away,L,8,18,NA,8,3,11,40,22,28,15,3,18,9,27,46,29,30,14,6,18,11,8,14
2024-03-16,Siena,VMI,Home,L,11,8,NA,11,7,18,50,25,30,16,9,8,4,12,36,18,32,24,6,8,10,11,14
2024-03-23,Siena,LIU,Home,L,11,12,1,11,6,17,33,21,21,27,11,12,8,20,39,20,29,23,12,12,8,11,10
2024-03-27,Siena,Canisius,Home,L,12,13,NA,12,7,19,48,27,30,17,8,13,6,19,42,21,41,15,7,13,8,12,15
2024-03-30,Siena,Wagner,Away,W,13,5,NA,13,8,21,41,28,32,15,18,5,2,7,35,20,18,21,9,5,15,13,15
2024-04-06,Siena,Quinnipiac,Home,W,13,10,NA,13,9,22,48,30,31,7,6,10,9,19,25,13,16,17,2,10,3,13,17
2024-04-10,Siena,Marist,Away,W,13,14,NA,13,7,20,51,28,37,11,5,14,5,19,55,23,35,8,6,14,9,13,15
2024-04-13,Siena,Manhattan,Home,W,11,10,NA,11,7,18,40,22,20,12,10,10,4,14,36,22,29,16,8,10,12,11,11
2024-04-20,Siena,Mount St. Mary's,Away,W,14,7,NA,14,13,27,42,25,26,14,9,7,4,11,43,20,44,22,6,7,13,14,11
2024-04-27,Siena,Marist,Away,W,12,9,NA,12,5,17,38,21,30,12,3,9,5,14,40,21,41,11,6,9,12,12,9
2024-05-02,Siena,"Sacred Heart Riverdale, NY",Away,W,13,15,NA,13,7,20,54,32,33,9,11,15,7,22,40,24,32,19,5,15,9,13,19
2024-02-11,St. Bonaventure,Bellarmine,Home,W,9,13,NA,9,8,17,27,18,27,23,9,13,9,22,47,30,44,19,17,13,17,9,9
2024-02-17,St. Bonaventure,Binghamton,Away,W,12,13,1,12,7,19,32,22,23,19,10,13,6,19,50,26,27,18,6,13,13,12,10
2024-02-20,St. Bonaventure,Robert Morris,Home,L,11,16,NA,11,6,17,31,23,30,21,8,16,9,25,43,30,31,18,9,16,14,11,12
2024-02-24,St. Bonaventure,VMI,Away,L,9,17,NA,9,8,17,35,23,25,12,4,17,7,24,50,36,42,13,8,17,19,9,14
2024-03-09,St. Bonaventure,Cleveland St.,Away,L,8,10,NA,8,4,12,22,15,27,23,8,10,5,15,44,17,42,23,12,10,7,8,7
2024-03-12,St. Bonaventure,Canisius,Home,L,12,8,NA,12,5,17,41,23,32,15,7,8,5,13,34,18,30,15,8,8,10,12,11
2024-03-23,St. Bonaventure,Marquette,Home,L,3,8,NA,3,2,5,29,14,16,16,8,8,5,13,34,20,32,19,11,8,12,3,11
2024-03-30,St. Bonaventure,Richmond,Home,W,8,19,NA,8,3,11,28,14,24,23,8,19,9,28,49,30,37,17,15,19,11,8,6
2024-04-05,St. Bonaventure,High Point,Away,L,7,18,NA,7,4,11,33,18,19,17,10,18,12,30,47,28,45,15,13,18,10,7,11
2024-04-13,St. Bonaventure,Massachusetts,Home,W,3,15,NA,3,2,5,28,15,17,21,5,15,6,21,46,33,37,11,15,15,18,3,12
2024-04-20,St. Bonaventure,Saint Joseph's,Away,L,3,24,NA,3,1,4,18,12,26,26,6,24,12,36,63,36,47,15,15,24,12,3,9
2024-04-27,St. Bonaventure,Hobart,Home,L,10,11,NA,10,7,17,39,19,22,16,10,11,2,13,47,26,41,20,10,11,15,10,9
2024-02-03,St. John's (NY),NJIT,Home,W,8,10,NA,8,4,12,44,28,23,13,13,10,4,14,38,20,28,26,3,10,10,8,20
2024-02-10,St. John's (NY),Quinnipiac,Home,L,11,17,NA,11,6,17,52,30,27,13,5,17,9,26,33,26,28,17,5,17,9,11,19
2024-02-13,St. John's (NY),Hofstra,Away,W,13,17,NA,13,5,18,46,32,29,13,1,17,10,27,49,27,40,18,4,17,10,13,19
2024-02-17,St. John's (NY),Delaware,Home,W,6,17,NA,6,3,9,30,17,23,14,3,17,8,25,60,28,30,14,1,17,11,6,11
2024-02-24,St. John's (NY),Richmond,Away,L,2,18,NA,2,1,3,38,20,25,18,6,18,10,28,52,36,34,16,9,18,18,2,18
2024-02-28,St. John's (NY),Queens (NC),Away,W,11,8,NA,11,9,20,35,22,25,16,4,8,3,11,34,17,23,14,9,8,9,11,11
2024-03-02,St. John's (NY),Jacksonville,Away,L,7,24,NA,7,4,11,29,18,27,24,8,24,20,44,59,37,42,16,19,24,13,7,11
2024-03-09,St. John's (NY),Binghamton,Home,L,13,6,NA,13,3,16,46,25,33,17,10,6,4,10,41,21,25,18,7,6,15,13,12
2024-03-16,St. John's (NY),Saint Joseph's,Away,L,8,15,NA,8,4,12,34,18,30,17,3,15,3,18,39,26,28,10,7,15,11,8,10
2024-03-23,St. John's (NY),Le Moyne,Away,L,9,7,NA,9,5,14,38,21,31,17,10,7,2,9,38,23,23,15,7,7,16,9,12
2024-03-30,St. John's (NY),Marquette,Home,L,13,9,NA,13,7,20,32,23,32,13,10,9,6,15,46,22,27,17,7,9,13,13,10
2024-04-05,St. John's (NY),Denver,Away,L,8,18,NA,8,3,11,28,14,20,15,6,18,15,33,46,30,33,11,7,18,12,8,6
2024-04-13,St. John's (NY),Villanova,Home,W,9,14,NA,9,4,13,41,21,30,18,8,14,8,22,41,25,27,18,6,14,11,9,12
2024-04-20,St. John's (NY),Georgetown,Away,L,6,20,NA,6,5,11,31,21,29,15,5,20,13,33,52,40,46,9,7,20,20,6,15
2024-04-26,St. John's (NY),Providence,Home,L,13,16,NA,13,6,19,39,22,31,18,4,16,12,28,39,28,33,14,7,16,12,13,9
2024-02-04,Stony Brook,Sacred Heart,Away,L,17,14,NA,17,11,28,37,25,28,14,8,14,10,24,43,30,33,15,5,14,16,17,8
2024-02-10,Stony Brook,Rutgers,Home,L,12,16,NA,12,10,22,41,21,29,14,5,16,9,25,43,29,41,14,9,16,13,12,9
2024-02-17,Stony Brook,Penn St.,Home,L,10,14,NA,10,9,19,38,20,29,15,7,14,8,22,39,22,44,16,6,14,8,10,10
2024-02-24,Stony Brook,Air Force,Away,W,11,12,1,11,9,20,43,26,20,12,4,12,6,18,38,24,33,15,6,12,12,11,15
2024-03-02,Stony Brook,Hampton,Home,W,23,2,NA,23,14,37,59,37,52,20,11,2,0,2,22,9,26,29,8,2,7,23,14
2024-03-05,Stony Brook,"Dartmouth Avon, Conn.",Away,L,15,12,NA,15,7,22,43,25,37,14,10,12,7,19,45,26,39,21,8,12,14,15,10
2024-03-09,Stony Brook,Providence,Home,L,12,13,1,12,6,18,31,22,34,22,3,13,5,18,55,32,31,11,10,13,19,12,10
2024-03-16,Stony Brook,North Carolina,Home,W,8,12,NA,8,3,11,39,18,27,15,7,12,5,17,56,31,28,14,6,12,19,8,10
2024-03-23,Stony Brook,Monmouth,Home,W,6,11,NA,6,3,9,45,25,29,12,7,11,3,14,29,15,30,15,6,11,4,6,19
2024-03-30,Stony Brook,Towson,Away,W,8,9,NA,8,6,14,30,19,29,19,8,9,7,16,47,25,35,18,13,9,16,8,11
2024-04-06,Stony Brook,Drexel,Home,L,13,8,NA,13,8,21,42,21,33,12,5,8,6,14,43,19,19,14,1,8,11,13,8
2024-04-13,Stony Brook,Delaware,Away,W,12,16,NA,12,6,18,43,33,28,10,4,16,11,27,49,29,30,13,7,16,13,12,21
2024-04-20,Stony Brook,Fairfield,Away,W,10,11,NA,10,5,15,37,20,22,17,10,11,8,19,47,24,27,16,12,11,13,10,10
2024-04-27,Stony Brook,Hofstra,Home,W,9,11,NA,9,8,17,40,24,24,10,6,11,8,19,43,24,30,13,3,11,13,9,15
2024-02-03,Syracuse,Vermont,Home,L,20,7,NA,20,13,33,50,29,30,14,7,7,2,9,30,19,18,17,5,7,12,20,9
2024-02-05,Syracuse,Colgate,Home,W,18,10,NA,18,15,33,59,36,59,21,15,10,8,18,37,21,27,18,10,10,11,18,18
2024-02-09,Syracuse,Manhattan,Home,L,16,3,NA,16,13,29,47,28,44,14,8,3,2,5,30,14,27,17,7,3,11,16,12
2024-02-17,Syracuse,Maryland,Home,L,12,13,1,12,4,16,48,26,28,10,7,13,7,20,29,22,30,16,6,13,9,12,14
2024-02-21,Syracuse,Utah,Home,L,18,7,NA,18,10,28,47,35,47,18,6,7,2,9,44,21,31,18,8,7,14,18,17
2024-02-28,Syracuse,Army West Point,Home,L,13,14,1,13,5,18,51,24,30,13,5,14,6,20,47,25,31,15,6,14,11,13,11
2024-03-02,Syracuse,High Point,Home,W,19,13,NA,19,7,26,54,36,37,12,9,13,6,19,40,27,38,12,5,13,14,19,17
2024-03-09,Syracuse,"Johns Hopkins Charlotte, NC",Away,L,14,13,NA,14,11,25,46,29,33,16,4,13,9,22,36,24,25,14,7,13,11,14,15
2024-03-16,Syracuse,"Delaware Chantilly, Va.",Away,W,14,6,NA,14,11,25,50,34,26,9,5,6,3,9,37,23,20,10,2,6,17,14,20
2024-03-20,Syracuse,Duke,Home,L,10,4,NA,10,8,18,36,24,26,10,6,4,1,5,36,18,24,19,3,4,14,10,14
2024-03-23,Syracuse,Hobart,Away,W,13,7,NA,13,8,21,45,25,42,15,11,7,4,11,32,17,29,23,4,7,10,13,12
2024-03-30,Syracuse,Notre Dame,Away,W,12,14,NA,12,7,19,41,20,23,20,10,14,5,19,54,29,39,17,13,14,15,12,8
2024-04-02,Syracuse,Cornell,Away,W,17,18,2,17,14,31,42,32,36,20,9,18,12,30,55,33,33,13,14,18,15,17,15
2024-04-13,Syracuse,North Carolina,Away,W,10,9,NA,10,9,19,40,27,37,15,10,9,5,14,33,22,35,20,8,9,13,10,17
2024-04-20,Syracuse,Virginia,Home,W,18,17,NA,18,11,29,57,33,42,15,13,17,11,28,49,32,42,16,11,17,15,18,15
2024-05-03,Syracuse,"Duke Charlotte, NC",Away,W,13,18,NA,13,7,20,44,25,27,14,3,18,7,25,40,25,33,12,7,18,7,13,12
2024-05-12,Syracuse,Towson,Home,W,20,15,NA,20,11,31,46,29,42,20,10,15,8,23,34,25,34,14,8,15,10,20,9
2024-05-19,Syracuse,"Denver Towson, Md.",Away,L,8,10,NA,8,3,11,36,18,37,13,9,10,4,14,38,19,31,18,10,10,9,8,10
2024-02-06,Towson,Johns Hopkins,Away,L,5,13,NA,5,3,8,29,15,18,18,7,13,10,23,43,23,40,16,10,13,10,5,10
2024-02-10,Towson,Mount St. Mary's,Home,L,15,5,NA,15,9,24,53,28,44,15,11,5,5,10,25,13,31,20,5,5,8,15,13
2024-02-17,Towson,Navy,Home,L,17,5,NA,17,11,28,41,27,34,18,11,5,3,8,38,16,23,19,9,5,11,17,10
2024-02-23,Towson,Saint Joseph's,Away,W,15,7,NA,15,6,21,30,19,27,15,9,7,4,11,44,20,28,16,11,7,13,15,4
2024-02-27,Towson,Loyola Maryland,Away,W,10,11,1,10,5,15,48,28,37,13,5,11,7,18,46,25,30,12,6,11,14,10,18
2024-03-02,Towson,UMBC,Home,L,17,7,NA,17,11,28,39,27,36,14,13,7,6,13,29,16,32,21,6,7,9,17,10
2024-03-09,Towson,Virginia,Home,L,15,19,NA,15,12,27,44,28,34,17,5,19,15,34,44,31,35,14,11,19,12,15,13
2024-03-16,Towson,Drexel,Away,L,16,11,NA,16,11,27,43,28,29,15,8,11,4,15,29,18,20,17,6,11,7,16,12
2024-03-23,Towson,Fairfield,Away,L,12,10,NA,12,6,18,40,22,38,16,13,10,5,15,38,17,37,19,10,10,7,12,10
2024-03-30,Towson,Stony Brook,Home,W,9,8,NA,9,7,16,47,25,35,18,13,8,6,14,30,19,29,19,8,8,11,9,16
2024-04-06,Towson,Hofstra,Home,W,15,11,NA,15,11,26,39,26,32,17,12,11,8,19,38,24,33,16,11,11,13,15,11
2024-04-13,Towson,Hampton,Away,L,25,2,NA,25,19,44,59,42,49,14,15,2,1,3,29,14,22,25,6,2,12,25,17
2024-04-20,Towson,Monmouth,Home,L,17,2,NA,17,11,28,51,34,47,14,17,2,1,3,23,12,26,27,6,2,10,17,17
2024-04-26,Towson,Delaware,Away,L,11,10,NA,11,6,17,44,24,29,10,11,10,6,16,44,24,32,18,7,10,14,11,13
2024-05-02,Towson,Drexel,Home,L,18,8,NA,18,14,32,47,26,35,14,4,8,5,13,33,19,24,14,8,8,11,18,8
2024-05-04,Towson,Delaware,Home,L,15,6,NA,15,10,25,42,27,35,20,13,6,6,12,27,12,22,24,10,6,6,15,12
2024-05-12,Towson,Syracuse,Away,W,15,20,NA,15,8,23,34,25,34,14,8,20,11,31,46,29,42,20,10,20,9,15,10
2024-02-17,UAlbany,Colgate,Home,L,10,11,NA,10,8,18,34,23,40,27,12,11,6,17,35,24,37,20,16,11,13,10,13
2024-02-20,UAlbany,Penn,Away,L,7,11,NA,7,6,13,45,24,28,15,4,11,9,20,29,20,32,18,5,11,9,7,17
2024-02-24,UAlbany,Drexel,Away,W,12,13,1,12,5,17,54,29,25,15,10,13,6,19,45,27,37,16,6,13,14,12,17
2024-03-02,UAlbany,Massachusetts,Away,W,11,12,NA,11,5,16,42,18,36,15,6,12,6,18,34,22,30,14,4,12,10,11,7
2024-03-09,UAlbany,Hobart,Home,W,14,10,NA,14,7,21,46,32,35,10,7,10,8,18,30,18,28,16,4,10,8,14,18
2024-03-16,UAlbany,UMass Lowell,Away,W,19,8,NA,19,12,31,46,31,37,11,7,8,4,12,33,19,26,22,4,8,11,19,12
2024-03-19,UAlbany,Virginia,Away,W,10,16,NA,10,8,18,46,24,32,18,5,16,11,27,45,27,38,15,14,16,11,10,14
2024-03-23,UAlbany,Vermont,Home,W,13,11,NA,13,11,24,39,29,41,18,8,11,4,15,28,20,27,21,6,11,9,13,16
2024-03-30,UAlbany,UMBC,Away,L,14,13,NA,14,8,22,36,23,30,16,8,13,9,22,36,23,35,19,6,13,10,14,9
2024-04-06,UAlbany,Bryant,Home,L,12,13,NA,12,7,19,38,24,30,17,12,13,9,22,40,23,41,24,5,13,10,12,12
2024-04-13,UAlbany,NJIT,Away,W,14,9,NA,14,7,21,42,29,31,12,10,9,5,14,40,17,21,21,5,9,8,14,15
2024-04-19,UAlbany,Yale,Away,W,10,17,NA,10,3,13,42,21,36,18,4,17,8,25,59,33,26,7,9,17,16,10,11
2024-04-21,UAlbany,Merrimack,Away,W,14,8,NA,14,7,21,43,24,32,21,4,8,7,15,37,17,16,18,8,8,9,14,10
2024-04-27,UAlbany,Binghamton,Home,W,18,10,NA,18,8,26,47,31,32,14,6,10,3,13,38,23,36,15,8,10,13,18,13
2024-05-02,UAlbany,Merrimack,Home,L,18,7,NA,18,11,29,46,28,41,17,3,7,2,9,45,21,24,13,8,7,14,18,10
2024-05-04,UAlbany,Vermont,Home,W,12,11,NA,12,4,16,36,21,36,18,10,11,6,17,30,19,36,20,6,11,8,12,9
2024-05-08,UAlbany,Sacred Heart,Home,L,13,7,NA,13,5,18,36,26,38,12,5,7,5,12,36,19,30,12,6,7,12,13,13
2024-05-12,UAlbany,Notre Dame,Away,L,9,14,NA,9,5,14,31,17,22,18,6,14,11,25,34,24,35,16,9,14,10,9,8
2024-02-16,UMBC,Drexel,Home,L,10,11,2,10,6,16,49,25,23,11,6,11,5,16,34,20,25,17,2,11,9,10,15
2024-02-24,UMBC,Mount St. Mary's,Away,W,18,6,NA,18,13,31,51,28,30,12,9,6,5,11,27,14,30,14,6,6,8,18,10
2024-03-02,UMBC,Towson,Away,L,7,17,NA,7,6,13,29,16,32,21,6,17,11,28,39,27,36,14,13,17,10,7,9
2024-03-08,UMBC,Richmond,Home,W,4,13,NA,4,3,7,29,19,23,14,9,13,7,20,45,27,33,15,4,13,14,4,15
2024-03-16,UMBC,Bryant,Home,W,13,12,1,13,7,20,36,19,22,18,5,12,9,21,47,26,33,16,5,12,14,13,6
2024-03-23,UMBC,Merrimack,Away,W,15,9,NA,15,11,26,45,27,40,19,5,9,4,13,27,17,28,15,8,9,8,15,12
2024-03-30,UMBC,UAlbany,Home,L,13,14,NA,13,9,22,36,23,35,19,6,14,8,22,36,23,30,16,8,14,9,13,10
2024-04-06,UMBC,UMass Lowell,Away,W,21,5,NA,21,15,36,56,37,44,11,8,5,3,8,26,14,28,21,2,5,9,21,16
2024-04-13,UMBC,Binghamton,Away,W,10,21,NA,10,6,16,40,25,34,17,13,21,13,34,49,32,40,19,9,21,11,10,15
2024-04-20,UMBC,NJIT,Home,L,13,6,NA,13,6,19,55,37,33,14,13,6,3,9,33,21,27,29,5,6,15,13,24
2024-04-27,UMBC,Vermont,Away,W,13,15,NA,13,7,20,40,27,26,14,9,15,8,23,37,23,38,18,9,15,8,13,14
2024-05-02,UMBC,"Vermont Albany, N.Y.",Away,L,8,10,NA,8,4,12,38,23,39,24,10,10,7,17,35,19,44,27,12,10,9,8,15
2024-02-10,UMass Lowell,Holy Cross,Home,W,9,16,NA,9,3,12,28,21,34,30,7,16,6,22,38,28,32,16,20,16,12,9,12
2024-02-17,UMass Lowell,Massachusetts,Away,L,7,10,NA,7,3,10,38,17,26,18,6,10,5,15,40,23,32,15,10,10,13,7,10
2024-02-23,UMass Lowell,Siena,Home,W,8,13,NA,8,4,12,37,22,28,19,5,13,4,17,39,22,28,16,7,13,9,8,14
2024-03-02,UMass Lowell,LIU,Away,L,6,13,NA,6,3,9,33,16,31,19,5,13,6,19,46,25,42,19,6,13,12,6,10
2024-03-09,UMass Lowell,Fairfield,Home,W,6,14,NA,6,2,8,31,15,30,21,3,14,9,23,48,31,40,8,12,14,17,6,9
2024-03-16,UMass Lowell,UAlbany,Home,W,8,19,NA,8,4,12,33,19,26,22,4,19,12,31,46,31,37,11,7,19,12,8,11
2024-03-23,UMass Lowell,Bryant,Away,L,2,17,NA,2,1,3,23,12,28,25,3,17,5,22,49,30,46,12,13,17,13,2,10
2024-03-30,UMass Lowell,Binghamton,Away,L,6,15,NA,6,2,8,35,17,18,18,5,15,10,25,57,32,24,9,7,15,17,6,11
2024-04-06,UMass Lowell,UMBC,Home,W,5,21,NA,5,3,8,26,14,28,21,2,21,15,36,56,37,44,11,8,21,16,5,9
2024-04-12,UMass Lowell,Merrimack,Away,L,9,14,NA,9,5,14,44,22,37,24,10,14,7,21,46,31,34,20,12,14,17,9,13
2024-04-20,UMass Lowell,Vermont,Home,W,9,18,NA,9,3,12,27,19,24,17,12,18,10,28,44,30,38,19,8,18,12,9,10
2024-04-27,UMass Lowell,NJIT,Away,L,4,12,NA,4,3,7,36,18,27,19,5,12,8,20,44,28,24,11,7,12,16,4,14
2024-02-03,Utah,Ohio St.,Away,L,8,11,NA,8,2,10,36,18,30,17,12,11,2,13,40,18,36,22,12,11,7,8,10
2024-02-17,Utah,Denver,Home,W,8,16,NA,8,4,12,42,22,30,17,6,16,7,23,38,25,29,18,13,16,9,8,14
2024-02-21,Utah,Syracuse,Away,L,7,18,NA,7,2,9,44,21,31,18,8,18,10,28,47,35,47,18,6,18,17,7,14
2024-02-24,Utah,Vermont,Home,W,22,12,NA,22,12,34,53,38,28,11,8,12,7,19,40,29,36,18,2,12,17,22,16
2024-03-02,Utah,Marquette,Away,L,9,8,NA,9,4,13,41,21,33,13,8,8,2,10,37,18,31,19,9,8,10,9,12
2024-03-16,Utah,Bellarmine,Away,L,14,13,NA,14,7,21,48,28,21,11,8,13,9,22,44,26,23,14,5,13,13,14,14
2024-03-20,Utah,Air Force,Home,L,11,12,NA,11,10,21,45,24,40,19,5,12,7,19,32,22,26,19,6,12,10,11,13
2024-03-23,Utah,Detroit Mercy,Home,L,21,9,NA,21,15,36,63,40,41,14,12,9,3,12,31,22,24,17,6,9,13,21,19
2024-03-30,Utah,Jacksonville,Away,L,16,14,NA,16,8,24,34,26,22,11,6,14,8,22,42,27,43,17,7,14,14,16,11
2024-04-05,Utah,Robert Morris,Home,L,14,6,NA,14,9,23,49,30,36,15,15,6,3,9,32,13,32,24,8,6,7,14,16
2024-04-10,Utah,Lindenwood,Away,W,17,5,NA,17,13,30,53,32,39,14,9,5,3,8,36,18,24,18,4,5,13,17,15
2024-04-12,Utah,Mercer,Away,W,20,9,NA,20,8,28,54,37,29,9,8,9,6,15,45,23,34,14,5,9,14,20,17
2024-04-20,Utah,Cleveland St.,Away,W,16,7,NA,16,14,30,59,34,46,17,16,7,3,10,28,21,34,25,7,7,14,16,18
2024-04-27,Utah,Queens (NC),Home,L,25,8,NA,25,14,39,57,44,49,11,16,8,5,13,32,21,26,25,4,8,13,25,19
2024-05-03,Utah,"Cleveland St. USAF Academy, Colo.",Away,W,21,5,NA,21,15,36,63,34,41,12,13,5,1,6,28,18,31,23,3,5,13,21,13
2024-05-05,Utah,"Jacksonville USAF Academy, Colo.",Away,L,16,13,NA,16,5,21,40,27,34,14,10,13,10,23,52,29,38,15,6,13,16,16,11
2024-05-11,Utah,Duke,Away,L,7,19,NA,7,3,10,39,18,24,16,8,19,14,33,36,24,30,18,9,19,5,7,11
2024-02-03,VMI,Cleveland St.,Home,L,11,12,1,11,5,16,41,25,28,18,7,12,4,16,37,22,22,17,3,12,10,11,14
2024-02-10,VMI,Queens (NC),Home,W,14,10,NA,14,7,21,38,23,29,22,10,10,6,16,37,19,23,22,6,10,9,14,9
2024-02-16,VMI,High Point,Away,L,9,19,NA,9,6,15,36,18,30,14,9,19,13,32,54,38,45,12,8,19,19,9,9
2024-02-20,VMI,Hampton,Away,W,25,6,NA,25,16,41,55,42,49,18,9,6,4,10,28,19,29,23,9,6,13,25,17
2024-02-24,VMI,St. Bonaventure,Home,L,17,9,NA,17,7,24,50,36,42,13,8,9,8,17,35,23,25,12,4,9,14,17,19
2024-03-02,VMI,"Detroit Mercy Powell, Ohio",Away,L,15,10,NA,15,7,22,45,28,41,22,8,10,4,14,35,22,20,22,6,10,12,15,13
2024-03-09,VMI,LIU,Home,W,8,17,NA,8,5,13,37,18,32,17,12,17,11,28,35,24,27,18,11,17,7,8,10
2024-03-16,VMI,Siena,Away,L,8,11,NA,8,4,12,36,18,32,24,6,11,7,18,50,25,30,16,9,11,14,8,10
2024-03-23,VMI,Sacred Heart,Home,W,8,18,NA,8,5,13,32,20,23,21,9,18,6,24,53,29,33,17,7,18,11,8,12
2024-03-27,VMI,Mount St. Mary's,Away,W,12,8,NA,12,7,19,35,23,35,19,9,8,6,14,34,16,48,21,10,8,8,12,11
2024-03-30,VMI,Canisius,Home,L,12,8,NA,12,4,16,42,24,24,16,8,8,5,13,41,21,24,22,5,8,13,12,12
2024-04-06,VMI,Manhattan,Away,W,8,9,NA,8,5,13,34,18,31,13,9,9,7,16,38,18,24,15,6,9,9,8,10
2024-04-10,VMI,Wagner,Home,W,14,10,NA,14,6,20,41,26,33,13,9,10,7,17,37,24,25,17,3,10,14,14,12
2024-04-13,VMI,Quinnipiac,Away,W,12,13,NA,12,7,19,33,29,29,11,7,13,8,21,38,23,28,14,7,13,10,12,17
2024-04-20,VMI,Marist,Home,L,10,14,NA,10,5,15,40,25,27,14,10,14,8,22,41,31,25,17,5,14,17,10,15
2024-02-03,Vermont,Syracuse,Away,L,7,20,NA,7,2,9,30,19,18,17,5,20,13,33,50,29,30,14,7,20,9,7,12
2024-02-10,Vermont,Boston U.,Away,L,8,18,NA,8,5,13,23,18,32,27,5,18,13,31,57,36,40,16,21,18,18,8,10
2024-02-17,Vermont,Manhattan,Away,W,12,9,NA,12,7,19,38,21,28,13,8,9,6,15,29,21,20,15,5,9,12,12,9
2024-02-24,Vermont,Utah,Away,W,12,22,NA,12,7,19,40,29,36,18,2,22,12,34,53,38,28,11,8,22,16,12,17
2024-03-02,Vermont,Harvard,Home,L,12,15,NA,12,7,19,25,21,39,21,10,15,7,22,47,34,35,15,11,15,19,12,9
2024-03-09,Vermont,Massachusetts,Away,L,13,12,NA,13,11,24,45,32,34,16,9,12,6,18,30,22,34,16,7,12,10,13,19
2024-03-14,Vermont,Dartmouth,Home,L,10,11,NA,10,4,14,40,21,34,18,11,11,9,20,30,21,28,20,8,11,10,10,11
2024-03-16,Vermont,NJIT,Home,L,12,9,NA,12,5,17,26,18,29,14,8,9,6,15,27,17,24,18,4,9,8,12,6
2024-03-23,Vermont,UAlbany,Away,W,11,13,NA,11,4,15,28,20,27,21,6,13,11,24,39,29,41,18,8,13,16,11,9
2024-03-30,Vermont,Merrimack,Home,L,20,8,NA,20,15,35,58,38,57,14,13,8,4,12,32,22,24,23,7,8,14,20,18
2024-04-06,Vermont,Binghamton,Home,L,10,11,1,10,6,16,34,28,36,13,9,11,3,14,53,27,35,20,6,11,16,10,18
2024-04-13,Vermont,Bryant,Away,L,16,12,NA,16,7,23,54,31,39,15,6,12,5,17,43,35,31,12,7,12,23,16,15
2024-04-20,Vermont,UMass Lowell,Away,W,18,9,NA,18,10,28,44,30,38,19,8,9,3,12,27,19,24,17,12,9,10,18,12
2024-04-27,Vermont,UMBC,Home,W,15,13,NA,15,8,23,37,23,38,18,9,13,7,20,40,27,26,14,9,13,14,15,8
2024-05-02,Vermont,"UMBC Albany, N.Y.",Away,W,10,8,NA,10,7,17,35,19,44,27,12,8,4,12,38,23,39,24,10,8,15,10,9
2024-05-04,Vermont,UAlbany,Away,W,11,12,NA,11,6,17,30,19,36,20,6,12,4,16,36,21,36,18,10,12,9,11,8
2024-02-10,Villanova,Penn St.,Away,W,10,18,NA,10,4,14,45,24,35,24,7,18,10,28,37,24,35,19,12,18,6,10,14
2024-02-17,Villanova,Yale,Away,W,11,13,NA,11,5,16,42,22,34,20,6,13,9,22,48,25,30,15,8,13,12,11,11
2024-02-24,Villanova,Colgate,Home,L,15,9,NA,15,13,28,39,26,34,18,16,9,5,14,32,18,20,27,11,9,9,15,11
2024-03-02,Villanova,Lehigh,Away,W,14,8,NA,14,7,21,39,28,22,15,12,8,2,10,34,22,26,20,8,8,14,14,14
2024-03-05,Villanova,Drexel,Away,L,13,12,2,13,7,20,51,24,40,21,11,12,10,22,31,19,25,20,9,12,7,13,11
2024-03-09,Villanova,Penn,Home,W,8,11,NA,8,5,13,37,24,33,19,13,11,8,19,35,20,21,17,8,11,9,8,16
2024-03-16,Villanova,Monmouth,Home,W,12,11,NA,12,6,18,32,22,31,18,9,11,8,19,31,19,19,18,6,11,8,12,10
2024-03-19,Villanova,Navy,Away,W,14,7,NA,14,7,21,44,29,45,21,12,7,5,12,37,23,39,19,10,7,16,14,15
2024-03-25,Villanova,Brown,Away,L,9,5,NA,9,6,15,34,21,23,18,8,5,2,7,33,16,30,18,10,5,11,9,12
2024-03-30,Villanova,Denver,Home,L,6,9,NA,6,2,8,30,13,21,22,12,9,6,15,35,22,28,23,14,9,13,6,7
2024-04-06,Villanova,Providence,Home,L,12,15,NA,12,10,22,50,29,39,17,20,15,10,25,36,21,33,30,10,15,6,12,17
2024-04-13,Villanova,St. John's (NY),Away,W,14,9,NA,14,8,22,41,25,27,18,6,9,4,13,41,21,30,18,8,9,12,14,11
2024-04-20,Villanova,Marquette,Away,W,12,6,NA,12,7,19,37,25,38,15,9,6,2,8,30,12,26,20,9,6,6,12,13
2024-04-26,Villanova,Georgetown,Home,W,4,12,NA,4,2,6,19,11,21,20,11,12,10,22,43,21,31,16,11,12,9,4,7
2024-05-02,Villanova,Denver,Home,L,10,9,NA,10,6,16,39,17,31,20,15,9,6,15,40,21,36,22,11,9,12,10,7
2024-05-04,Villanova,Georgetown,Home,L,10,11,1,10,5,15,37,22,27,13,11,11,7,18,41,23,32,18,7,11,12,10,12
2024-02-10,Virginia,Michigan,Home,W,19,11,NA,19,11,30,54,30,44,14,12,11,8,19,34,26,31,16,10,11,15,19,11
2024-02-17,Virginia,Richmond,Away,L,14,10,NA,14,13,27,47,31,30,12,5,10,6,16,36,22,27,19,5,10,12,14,17
2024-02-25,Virginia,Ohio St.,Home,L,14,8,NA,14,8,22,48,31,36,11,10,8,5,13,39,26,30,15,7,8,18,14,17
2024-03-02,Virginia,Johns Hopkins,Home,L,14,16,NA,14,11,25,43,30,35,16,7,16,10,26,42,27,44,15,11,16,11,14,16
2024-03-05,Virginia,Robert Morris,Home,L,16,7,NA,16,10,26,54,33,51,20,14,7,4,11,35,23,40,23,6,7,16,16,17
2024-03-09,Virginia,Towson,Away,L,19,15,NA,19,15,34,44,31,35,14,11,15,12,27,44,28,34,17,5,15,13,19,12
2024-03-16,Virginia,Maryland,Away,L,14,10,NA,14,7,21,31,22,37,12,12,10,5,15,35,21,25,17,7,10,11,14,8
2024-03-19,Virginia,UAlbany,Home,W,16,10,NA,16,11,27,45,27,38,15,14,10,8,18,46,24,32,18,5,10,14,16,11
2024-03-23,Virginia,Drexel,Home,L,14,4,NA,14,9,23,55,32,50,19,19,4,2,6,35,18,38,24,9,4,14,14,18
2024-03-30,Virginia,Harvard,Away,L,13,10,NA,13,9,22,45,23,41,17,12,10,7,17,45,27,44,19,12,10,17,13,10
2024-04-06,Virginia,North Carolina,Home,L,14,6,NA,14,7,21,38,24,34,15,13,6,5,11,36,17,37,23,7,6,11,14,10
2024-04-14,Virginia,Duke,Away,W,12,18,NA,12,6,18,45,25,47,15,11,18,6,24,42,23,34,18,8,18,5,12,13
2024-04-20,Virginia,Syracuse,Away,W,17,18,NA,17,11,28,49,32,42,16,11,18,11,29,57,33,42,15,13,18,15,17,15
2024-04-27,Virginia,Notre Dame,Home,W,9,11,NA,9,4,13,30,20,26,27,13,11,9,20,42,23,51,21,12,11,12,9,11
2024-05-03,Virginia,"Notre Dame Charlotte, NC",Away,L,9,18,NA,9,3,12,43,27,25,12,10,18,12,30,41,26,30,19,5,18,8,9,18
2024-05-11,Virginia,Saint Joseph's,Home,W,17,11,NA,17,10,27,48,29,40,15,15,11,4,15,29,22,35,19,7,11,11,17,12
2024-05-19,Virginia,"Johns Hopkins Towson, Md.",Away,L,11,10,2,11,7,18,50,26,40,19,11,10,9,19,36,19,27,25,6,10,9,11,15
2024-05-25,Virginia,"Maryland Philadelphia, PA",Away,L,6,12,NA,6,3,9,39,15,29,15,10,12,9,21,37,17,38,18,11,12,5,6,9
2024-02-03,Wagner,Hofstra,Away,L,9,21,NA,9,5,14,28,16,19,21,1,21,13,34,57,35,33,11,8,21,14,9,7
2024-02-17,Wagner,Le Moyne,Home,W,6,17,NA,6,3,9,31,20,19,6,9,17,12,29,28,20,20,16,4,17,3,6,14
2024-02-24,Wagner,Fairfield,Away,L,9,14,NA,9,6,15,29,15,13,21,4,14,12,26,54,26,37,12,17,14,12,9,6
2024-02-27,Wagner,Monmouth,Away,L,6,12,NA,6,4,10,23,15,17,18,5,12,10,22,38,24,32,13,6,12,12,6,9
2024-03-02,Wagner,NJIT,Home,W,5,15,NA,5,3,8,27,18,24,23,10,15,10,25,42,25,28,18,14,15,10,5,13
2024-03-09,Wagner,Marist,Home,W,9,8,NA,9,6,15,25,16,21,18,6,8,6,14,45,22,19,11,8,8,14,9,7
2024-03-12,Wagner,North Carolina,Home,W,4,18,NA,4,1,5,21,9,19,23,4,18,14,32,59,38,47,17,13,18,20,4,5
2024-03-16,Wagner,Quinnipiac,Away,L,8,14,NA,8,4,12,35,22,24,16,9,14,11,25,45,26,25,14,9,14,12,8,14
2024-03-23,Wagner,Mount St. Mary's,Away,W,7,8,NA,7,4,11,34,18,25,14,9,8,5,13,27,18,26,16,8,8,10,7,11
2024-03-27,Wagner,LIU,Home,W,8,14,NA,8,4,12,30,19,21,22,7,14,11,25,47,29,29,12,11,14,15,8,11
2024-03-30,Wagner,Siena,Home,W,5,13,NA,5,2,7,35,20,18,21,9,13,8,21,41,28,32,15,18,13,15,5,15
2024-04-06,Wagner,Sacred Heart,Away,L,6,19,NA,6,1,7,33,22,25,13,6,19,14,33,48,27,36,14,6,19,8,6,16
2024-04-10,Wagner,VMI,Away,W,10,14,NA,10,7,17,37,24,25,17,3,14,6,20,41,26,33,13,9,14,12,10,14
2024-04-13,Wagner,Canisius,Home,L,7,9,NA,7,5,12,47,21,32,20,12,9,5,14,35,22,29,18,8,9,13,7,14
2024-04-20,Wagner,Manhattan,Away,L,5,10,NA,5,2,7,35,17,25,14,3,10,6,16,40,20,22,10,5,10,10,5,12
2024-02-17,Yale,Villanova,Home,W,13,11,NA,13,9,22,48,25,30,15,8,11,5,16,42,22,34,20,6,11,11,13,12
2024-02-21,Yale,"Colgate Albany, N.Y.",Away,L,21,11,NA,21,11,32,47,37,50,27,15,11,4,15,38,25,42,27,12,11,14,21,16
2024-03-02,Yale,Penn St.,Away,W,14,15,1,14,9,23,56,31,42,16,7,15,9,24,44,30,31,13,8,15,15,14,17
2024-03-10,Yale,Denver,Away,L,15,13,NA,15,7,22,57,26,28,15,5,13,8,21,43,24,17,14,4,13,11,15,11
2024-03-16,Yale,Harvard,Home,W,17,15,NA,17,12,29,52,36,42,12,11,15,6,21,35,24,33,14,6,15,9,17,19
2024-03-23,Yale,Cornell,Away,W,15,18,NA,15,6,21,48,28,44,14,8,18,11,29,39,32,33,13,10,18,14,15,13
2024-03-26,Yale,Le Moyne,Home,W,21,10,NA,21,9,30,52,32,46,13,9,10,5,15,32,16,25,18,4,10,6,21,11
2024-03-30,Yale,Brown,Away,L,16,10,NA,16,7,23,45,27,41,20,7,10,4,14,39,25,36,13,9,10,15,16,11
2024-04-06,Yale,Penn,Home,L,12,9,NA,12,6,18,50,28,38,13,4,9,7,16,33,19,16,16,3,9,10,12,16
2024-04-09,Yale,Boston U.,Away,L,18,16,NA,18,11,29,35,24,41,20,6,16,8,24,64,31,34,16,10,16,15,18,6
2024-04-13,Yale,Dartmouth,Away,L,20,13,NA,20,12,32,65,39,43,12,11,13,8,21,36,27,44,20,8,13,14,20,19
2024-04-16,Yale,Hofstra,Away,L,16,12,NA,16,6,22,29,23,24,19,3,12,8,20,51,33,37,20,8,12,21,16,7
2024-04-19,Yale,UAlbany,Home,W,17,10,NA,17,8,25,59,33,26,7,9,10,3,13,42,21,36,18,4,10,11,17,16
2024-04-27,Yale,Princeton,Home,W,8,15,NA,8,1,9,37,24,22,9,10,15,3,18,51,25,43,17,6,15,10,8,16
2024-05-03,Yale,"Princeton Ithaca, N.Y.",Away,W,10,14,NA,10,4,14,39,26,25,13,7,14,7,21,43,30,37,15,7,14,16,10,16
2023-02-04,Air Force,Ohio St.,Away,L,7,15,NA,7,3,10,26,15,23,10,9,15,8,23,36,22,35,17,6,15,7,7,8
2023-02-11,Air Force,Denver,Home,W,12,10,NA,12,5,17,36,18,24,13,6,10,8,18,35,27,24,14,4,10,17,12,6
2023-02-18,Air Force,Colgate,Home,W,11,10,NA,11,5,16,40,23,24,18,10,10,4,14,38,27,34,18,9,10,17,11,12
2023-02-24,Air Force,Stony Brook,Away,L,8,15,NA,8,4,12,28,17,30,20,5,15,10,25,42,24,35,12,6,15,9,8,9
2023-03-04,Air Force,Mercer,Away,W,14,8,NA,14,7,21,44,23,25,14,7,8,4,12,50,18,27,13,6,8,10,14,9
2023-03-11,Air Force,Bryant,Home,L,11,6,NA,11,8,19,37,24,29,21,10,6,3,9,31,18,29,20,10,6,12,11,13
2023-03-18,Air Force,Queens (NC),Away,W,18,6,NA,18,7,25,39,25,38,20,10,6,3,9,21,11,34,28,11,6,5,18,7
2023-03-20,Air Force,Duke,Away,L,6,18,NA,6,3,9,35,12,21,22,4,18,10,28,52,31,43,16,8,18,13,6,6
2023-03-25,Air Force,Lindenwood,Home,L,15,6,NA,15,10,25,41,29,22,22,10,6,2,8,33,18,28,22,11,6,12,15,14
2023-03-29,Air Force,Utah,Home,L,11,18,NA,11,6,17,49,18,28,13,9,18,7,25,54,33,39,17,8,18,15,11,7
2023-04-01,Air Force,Cleveland St.,Away,W,12,9,NA,12,6,18,31,20,37,19,6,9,6,15,34,17,27,12,5,9,8,12,8
2023-04-08,Air Force,Bellarmine,Away,W,10,11,NA,10,6,16,44,24,24,10,4,11,7,18,38,25,19,13,6,11,14,10,14
2023-04-15,Air Force,Detroit Mercy,Home,L,22,7,NA,22,10,32,58,38,37,12,10,7,4,11,30,18,22,17,4,7,11,22,16
2023-04-22,Air Force,Jacksonville,Away,L,15,11,NA,15,7,22,32,27,26,20,10,11,5,16,29,22,36,23,13,11,11,15,12
2023-04-29,Air Force,Robert Morris,Home,L,13,5,NA,13,7,20,53,28,31,12,15,5,2,7,23,13,25,21,9,5,8,13,15
2023-05-05,Air Force,"Robert Morris Moon Township, Pa.",Away,W,12,4,NA,12,6,18,46,27,19,14,3,4,1,5,34,23,25,13,6,4,19,12,15
2023-05-07,Air Force,"Utah Moon Township, Pa.",Away,L,9,11,NA,9,4,13,44,18,23,19,9,11,3,14,42,22,33,20,10,11,11,9,9
2023-02-11,Army West Point,Massachusetts,Away,L,8,10,NA,8,4,12,46,27,27,19,11,10,4,14,30,19,24,19,9,10,9,8,19
2023-02-18,Army West Point,Rutgers,Home,W,14,13,NA,14,6,20,40,25,31,15,7,13,3,16,35,24,27,13,2,13,11,14,11
2023-02-21,Army West Point,Wagner,Home,L,20,6,NA,20,12,32,51,37,50,19,9,6,4,10,27,13,20,22,9,6,7,20,17
2023-02-25,Army West Point,Mercer,Away,W,16,5,NA,16,12,28,47,31,33,11,5,5,3,8,24,13,25,15,6,5,8,16,15
2023-03-05,Army West Point,Holy Cross,Away,W,13,6,NA,13,9,22,55,31,35,18,10,6,3,9,30,14,19,23,5,6,8,13,18
2023-03-10,Army West Point,Lafayette,Home,L,17,9,NA,17,5,22,43,26,31,14,9,9,3,12,38,22,28,16,5,9,13,17,9
2023-03-18,Army West Point,Lehigh,Away,L,12,10,NA,12,5,17,37,25,43,13,10,10,6,16,26,16,27,19,9,10,6,12,13
2023-03-25,Army West Point,Loyola Maryland,Home,L,10,5,NA,10,8,18,39,22,38,21,11,5,3,8,32,16,27,19,12,5,11,10,12
2023-04-01,Army West Point,Bucknell,Home,L,12,7,NA,12,7,19,43,27,39,19,7,7,4,11,45,19,29,17,8,7,12,12,15
2023-04-08,Army West Point,Colgate,Away,W,10,9,NA,10,7,17,45,24,28,12,7,9,0,9,31,19,25,13,4,9,10,10,14
2023-04-15,Army West Point,Cornell,Home,L,10,11,NA,10,4,14,44,22,26,11,8,11,9,20,35,23,20,13,5,11,12,10,12
2023-04-22,Army West Point,Navy,Away,W,11,6,NA,11,4,15,39,26,38,14,7,6,4,10,34,16,26,14,7,6,10,11,15
2023-04-28,Army West Point,Boston U.,Home,L,11,12,NA,11,6,17,34,21,41,19,8,12,7,19,50,29,33,17,12,12,17,11,10
2023-05-05,Army West Point,"Lehigh Boston, Mass.",Away,L,19,13,NA,19,6,25,42,23,39,19,7,13,7,20,43,27,35,16,11,13,14,19,4
2023-05-07,Army West Point,"Loyola Maryland Boston, Mass.",Away,W,10,8,NA,10,7,17,37,21,39,20,6,8,5,13,43,22,32,8,15,8,14,10,11
2023-05-13,Army West Point,Maryland,Away,L,16,15,NA,16,8,24,32,21,36,17,2,15,8,23,47,31,32,7,7,15,16,16,5
2023-05-21,Army West Point,"Penn St. Annapolis, Md.",Away,L,9,10,NA,9,2,11,43,20,39,17,8,10,5,15,27,18,37,18,6,10,8,9,11
2023-02-04,Bellarmine,Duke,Away,L,7,19,NA,7,3,10,29,17,27,27,6,19,10,29,57,41,40,17,12,19,22,7,10
2023-02-11,Bellarmine,St. Bonaventure,Home,W,14,10,NA,14,6,20,51,25,35,15,17,10,5,15,30,16,30,21,8,10,6,14,11
2023-02-18,Bellarmine,Canisius,Away,W,14,4,NA,14,5,19,39,24,28,12,6,4,3,7,27,13,28,17,4,4,9,14,10
2023-02-26,Bellarmine,Marist,Away,L,13,10,NA,13,9,22,47,27,37,13,8,10,6,16,43,20,36,12,6,10,10,13,14
2023-03-04,Bellarmine,VMI,Home,L,17,6,NA,17,9,26,50,30,31,11,10,6,1,7,33,18,20,19,5,6,12,17,13
2023-03-11,Bellarmine,Marquette,Away,L,11,10,NA,11,9,20,34,20,25,17,7,10,3,13,34,17,25,17,7,10,7,11,9
2023-03-18,Bellarmine,Utah,Away,L,8,15,NA,8,6,14,41,22,32,17,6,15,7,22,55,28,41,15,9,15,13,8,14
2023-03-25,Bellarmine,Queens (NC),Home,W,24,12,NA,24,13,37,53,38,34,21,10,12,7,19,32,22,28,25,11,12,10,24,14
2023-03-29,Bellarmine,Mercer,Home,L,12,15,NA,12,9,21,42,26,21,9,6,15,10,25,44,27,31,12,5,15,12,12,14
2023-04-01,Bellarmine,Lindenwood,Away,W,18,7,NA,18,9,27,48,28,46,20,10,7,3,10,26,14,31,24,7,7,7,18,10
2023-04-08,Bellarmine,Air Force,Home,W,11,10,NA,11,7,18,38,25,19,13,6,10,6,16,44,24,24,10,4,10,14,11,14
2023-04-12,Bellarmine,Robert Morris,Away,W,13,21,NA,13,6,19,37,21,21,13,4,21,16,37,59,41,40,11,8,21,20,13,8
2023-04-16,Bellarmine,Cleveland St.,Away,W,13,8,NA,13,6,19,38,23,34,13,9,8,6,14,41,25,29,19,5,8,17,13,10
2023-04-22,Bellarmine,Detroit Mercy,Away,W,18,3,NA,18,11,29,42,32,38,13,6,3,2,5,27,10,32,17,8,3,7,18,14
2023-04-29,Bellarmine,Jacksonville,Home,L,12,13,NA,12,7,19,39,21,26,18,5,13,8,21,43,25,29,16,9,13,12,12,9
2023-05-02,Bellarmine,"Mercer Moon Township, PA",Away,L,14,13,NA,14,7,21,40,21,31,13,8,13,7,20,40,25,30,14,10,13,12,14,7
2023-05-05,Bellarmine,"Utah Moon Township, Pa.",Away,W,14,17,NA,14,6,20,33,23,21,18,5,17,9,26,54,30,40,11,6,17,13,14,9
2023-02-11,Binghamton,Marist,Away,L,18,11,NA,18,10,28,48,28,45,18,11,11,5,16,42,25,32,15,12,11,14,18,10
2023-02-18,Binghamton,St. Bonaventure,Away,L,12,11,1,12,4,16,42,23,33,14,10,11,5,16,40,28,31,18,5,11,17,12,11
2023-02-25,Binghamton,Lafayette,Home,W,4,10,NA,4,3,7,35,14,24,19,5,10,8,18,35,26,36,14,11,10,16,4,10
2023-03-04,Binghamton,St. John's (NY),Home,W,13,12,NA,13,8,21,38,26,31,18,5,12,8,20,42,22,30,14,10,12,10,13,13
2023-03-07,Binghamton,Lehigh,Away,W,13,14,NA,13,7,20,37,27,30,15,10,14,4,18,35,26,48,20,11,14,12,13,14
2023-03-11,Binghamton,Fairfield,Away,W,14,9,NA,14,6,20,48,28,37,17,7,9,4,13,37,20,25,12,11,9,11,14,14
2023-03-18,Binghamton,Merrimack,Away,W,14,7,NA,14,8,22,49,34,36,18,6,7,4,11,37,20,32,19,5,7,13,14,20
2023-03-25,Binghamton,NJIT,Home,W,17,16,NA,17,9,26,47,28,37,15,8,16,11,27,42,33,27,16,11,16,17,17,11
2023-04-01,Binghamton,UMass Lowell,Away,L,21,10,NA,21,13,34,49,32,29,17,5,10,5,15,38,23,25,15,8,10,13,21,11
2023-04-08,Binghamton,Vermont,Home,W,9,11,NA,9,3,12,37,20,22,15,5,11,4,15,44,31,36,16,5,11,20,9,11
2023-04-15,Binghamton,UMBC,Away,L,16,13,NA,16,8,24,40,23,25,20,3,13,4,17,53,31,34,16,6,13,18,16,7
2023-04-22,Binghamton,Bryant,Away,W,10,14,NA,10,8,18,50,30,39,14,7,14,6,20,38,25,40,16,7,14,11,10,20
2023-04-29,Binghamton,UAlbany,Home,W,15,14,NA,15,6,21,38,22,31,24,6,14,11,25,48,29,32,14,13,14,15,15,7
2023-05-04,Binghamton,"Bryant Burlington, Vt.",Away,W,11,12,NA,11,6,17,38,22,25,16,12,12,5,17,40,21,33,19,12,12,9,11,11
2023-02-11,Boston U.,Vermont,Away,W,12,14,NA,12,5,17,48,28,38,16,12,14,13,27,33,26,34,21,8,14,12,12,16
2023-02-18,Boston U.,Bryant,Away,L,16,15,1,16,9,25,50,34,47,16,17,15,10,25,37,26,40,20,6,15,11,16,18
2023-02-25,Boston U.,Massachusetts,Away,W,12,6,NA,12,10,22,48,24,37,17,11,6,6,12,26,13,24,19,11,6,7,12,12
2023-03-04,Boston U.,Colgate,Home,L,14,8,NA,14,8,22,39,25,32,18,9,8,8,16,38,16,41,18,8,8,8,14,11
2023-03-11,Boston U.,Bucknell,Away,L,14,12,NA,14,14,28,47,28,42,13,7,12,10,22,38,19,26,21,9,12,7,14,14
2023-03-18,Boston U.,Holy Cross,Home,L,23,9,NA,23,15,38,52,39,44,20,14,9,7,16,33,17,41,24,7,9,8,23,16
2023-03-21,Boston U.,Harvard,Home,W,15,11,NA,15,9,24,39,26,41,24,16,11,8,19,42,24,43,23,15,11,13,15,11
2023-03-25,Boston U.,Lafayette,Away,L,12,10,NA,12,6,18,39,22,24,17,11,10,8,18,35,17,33,22,6,10,7,12,10
2023-03-31,Boston U.,Navy,Away,L,8,10,NA,8,6,14,42,19,29,17,6,10,8,18,41,28,44,13,7,10,18,8,11
2023-04-04,Boston U.,Yale,Away,W,14,17,NA,14,9,23,48,27,35,18,11,17,12,29,50,27,38,19,8,17,10,14,13
2023-04-15,Boston U.,Loyola Maryland,Home,L,16,9,NA,16,10,26,43,28,40,15,10,9,7,16,32,17,33,20,9,9,8,16,12
2023-04-22,Boston U.,Lehigh,Home,W,14,11,NA,14,12,26,40,23,34,20,20,11,9,20,39,28,38,22,12,11,17,14,9
2023-04-28,Boston U.,Army West Point,Away,L,12,11,NA,12,7,19,50,29,33,17,12,11,6,17,34,21,41,19,8,11,10,12,17
2023-05-05,Boston U.,Loyola Maryland,Home,L,11,12,NA,11,6,17,47,31,29,11,13,12,10,22,37,24,27,19,8,12,12,11,20
2023-02-18,Brown,Quinnipiac,Home,L,10,11,NA,10,8,18,48,31,30,14,10,11,7,18,39,23,26,22,4,11,12,10,21
2023-02-21,Brown,Providence,Home,L,13,7,NA,13,8,21,49,29,28,15,4,7,6,13,32,16,11,15,3,7,9,13,16
2023-02-26,Brown,Vermont,Away,L,22,12,NA,22,16,38,48,35,30,10,4,12,6,18,50,28,32,10,4,12,16,22,13
2023-03-04,Brown,Stony Brook,Away,L,17,12,NA,17,10,27,44,28,32,15,5,12,8,20,45,22,33,13,6,12,10,17,11
2023-03-11,Brown,North Carolina,Away,L,6,19,NA,6,0,6,42,16,33,19,4,19,13,32,53,34,37,16,13,19,15,6,10
2023-03-18,Brown,Harvard,Home,L,15,16,1,15,3,18,35,22,31,20,6,16,13,29,55,32,31,9,10,16,16,15,7
2023-03-25,Brown,Massachusetts,Away,L,9,10,NA,9,6,15,32,18,28,23,13,10,6,16,41,26,32,21,12,10,16,9,9
2023-03-27,Brown,Villanova,Away,L,13,11,NA,13,7,20,37,21,31,26,5,11,8,19,48,33,33,14,11,11,22,13,8
2023-04-01,Brown,Princeton,Away,W,12,16,NA,12,6,18,61,25,38,17,9,16,11,27,45,27,37,14,13,16,11,12,13
2023-04-08,Brown,Penn,Home,W,12,11,NA,12,8,20,41,24,32,8,7,11,8,19,41,23,32,14,6,11,12,12,12
2023-04-15,Brown,Yale,Away,W,10,16,NA,10,4,14,52,26,47,21,6,16,7,23,48,30,29,9,7,16,14,10,16
2023-04-22,Brown,Cornell,Home,W,9,16,NA,9,6,15,41,17,27,21,7,16,8,24,44,25,29,17,10,16,9,9,8
2023-04-25,Brown,Bryant,Away,W,12,17,NA,12,8,20,37,21,24,19,4,17,9,26,42,29,34,19,2,17,12,12,9
2023-04-29,Brown,Dartmouth,Away,L,13,11,NA,13,9,22,40,24,40,23,10,11,7,18,44,19,37,21,15,11,8,13,11
2023-02-11,Bryant,Providence,Home,W,15,14,NA,15,10,25,52,33,40,17,7,14,7,21,31,23,19,16,9,14,9,15,18
2023-02-18,Bryant,Boston U.,Home,L,15,16,1,15,10,25,37,26,40,20,6,16,9,25,50,34,47,16,17,16,18,15,11
2023-02-25,Bryant,Quinnipiac,Away,L,19,12,NA,19,6,25,50,37,39,11,9,12,6,18,43,27,35,22,6,12,15,19,18
2023-03-04,Bryant,Manhattan,Home,W,15,12,NA,15,9,24,46,26,28,8,7,12,5,17,37,16,31,16,4,12,4,15,11
2023-03-07,Bryant,Fairfield,Away,L,14,12,NA,14,10,24,30,21,29,23,8,12,4,16,37,25,40,15,13,12,13,14,7
2023-03-11,Bryant,Air Force,Away,L,6,11,NA,6,3,9,31,18,29,20,10,11,8,19,37,24,29,21,10,11,13,6,12
2023-03-18,Bryant,UMBC,Home,W,17,13,NA,17,7,24,49,28,46,13,12,13,8,21,37,19,27,15,7,13,6,17,11
2023-03-25,Bryant,UMass Lowell,Away,W,20,4,NA,20,9,29,59,39,47,15,13,4,2,6,21,10,17,27,3,4,6,20,19
2023-04-01,Bryant,NJIT,Away,W,16,8,NA,16,7,23,51,34,42,17,17,8,7,15,37,25,25,27,8,8,17,16,18
2023-04-08,Bryant,UAlbany,Home,W,20,16,NA,20,11,31,46,30,34,18,2,16,7,23,44,28,32,22,4,16,12,20,10
2023-04-15,Bryant,Vermont,Away,W,12,13,NA,12,6,18,53,23,39,18,7,13,8,21,40,22,28,16,13,13,9,12,11
2023-04-22,Bryant,Binghamton,Home,W,14,10,NA,14,6,20,38,25,40,16,7,10,8,18,50,30,39,14,7,10,20,14,11
2023-04-25,Bryant,Brown,Home,W,17,12,NA,17,9,26,42,29,34,19,2,12,8,20,37,21,24,19,4,12,9,17,12
2023-04-29,Bryant,Merrimack,Away,L,9,12,NA,9,6,15,30,21,38,23,5,12,7,19,41,24,40,22,12,12,12,9,12
2023-05-04,Bryant,"Binghamton Burlington, Vt.",Away,L,12,11,NA,12,5,17,40,21,33,19,12,11,6,17,38,22,25,16,12,11,11,12,9
2023-05-06,Bryant,"UAlbany Burlington, Vt.",Away,L,12,11,2,12,6,18,42,22,41,16,10,11,8,19,46,23,31,15,8,11,12,12,10
2023-05-14,Bryant,Johns Hopkins,Away,L,8,22,NA,8,5,13,36,22,34,19,11,22,16,38,53,35,47,12,10,22,13,8,14
2023-02-04,Bucknell,Mercer,Home,L,20,6,NA,20,14,34,46,30,36,22,19,6,5,11,24,15,35,30,12,6,9,20,10
2023-02-11,Bucknell,Robert Morris,Home,W,9,12,NA,9,9,18,37,25,34,15,14,12,6,18,35,17,37,22,8,12,5,9,16
2023-02-18,Bucknell,Richmond,Away,L,5,18,NA,5,3,8,31,16,26,14,11,18,14,32,43,25,35,16,10,18,7,5,11
2023-02-25,Bucknell,Harvard,Away,L,8,13,NA,8,5,13,33,25,29,25,12,13,5,18,54,27,30,24,12,13,14,8,17
2023-03-04,Bucknell,Marist,Home,L,11,14,NA,11,5,16,44,20,27,21,14,14,7,21,39,24,34,24,12,14,10,11,9
2023-03-11,Bucknell,Boston U.,Home,L,12,14,NA,12,10,22,38,19,26,21,9,14,14,28,47,28,42,13,7,14,14,12,7
2023-03-18,Bucknell,Loyola Maryland,Home,L,13,14,NA,13,5,18,43,27,34,20,12,14,11,25,40,26,40,18,9,14,12,13,14
2023-03-25,Bucknell,Colgate,Away,L,14,10,NA,14,8,22,42,27,31,17,11,10,6,16,40,23,37,20,12,10,13,14,13
2023-04-01,Bucknell,Army West Point,Away,L,7,12,NA,7,4,11,45,19,29,17,8,12,7,19,43,27,39,19,7,12,15,7,12
2023-04-08,Bucknell,Lehigh,Home,W,8,11,NA,8,5,13,37,22,25,13,13,11,9,20,39,24,45,20,9,11,13,8,14
2023-04-15,Bucknell,Holy Cross,Away,L,18,12,NA,18,9,27,63,42,35,17,9,12,9,21,30,25,30,19,6,12,13,18,24
2023-04-21,Bucknell,Lafayette,Away,W,13,14,1,13,9,22,45,26,30,10,9,14,12,26,39,24,32,20,3,14,10,13,13
2023-04-28,Bucknell,Navy,Home,W,9,12,NA,9,5,14,37,23,25,15,8,12,7,19,49,23,41,22,10,12,11,9,14
2023-02-11,Canisius,Hobart,Away,W,14,20,NA,14,4,18,43,27,35,17,2,20,9,29,68,36,40,14,7,20,16,14,13
2023-02-18,Canisius,Bellarmine,Home,W,4,14,NA,4,3,7,27,13,28,17,4,14,5,19,39,24,28,12,6,14,10,4,9
2023-02-21,Canisius,Michigan,Away,L,8,19,NA,8,5,13,34,14,21,14,4,19,11,30,49,35,32,9,10,19,16,8,6
2023-02-26,Canisius,Robert Morris,Home,W,8,13,NA,8,3,11,34,18,38,25,6,13,9,22,47,29,36,18,6,13,16,8,10
2023-03-04,Canisius,Cleveland St.,Away,W,12,18,NA,12,4,16,26,19,34,11,5,18,11,29,37,22,41,20,7,18,4,12,7
2023-03-11,Canisius,Quinnipiac,Away,W,12,13,NA,12,6,18,34,24,26,10,2,13,7,20,48,29,31,8,6,13,16,12,12
2023-03-14,Canisius,St. Bonaventure,Home,L,13,5,NA,13,7,20,52,26,37,19,10,5,2,7,36,19,26,21,7,5,14,13,13
2023-03-18,Canisius,Marist,Home,W,18,16,NA,18,6,24,51,29,44,13,4,16,6,22,45,31,37,9,3,16,15,18,11
2023-03-25,Canisius,Manhattan,Away,L,9,14,NA,9,5,14,30,16,14,10,4,14,8,22,40,27,28,13,7,14,13,9,7
2023-03-29,Canisius,Siena,Home,W,9,10,1,9,4,13,42,29,41,24,5,10,3,13,49,25,34,19,8,10,15,9,20
2023-04-01,Canisius,VMI,Home,L,10,11,1,10,3,13,37,24,40,15,7,11,6,17,38,19,42,17,9,11,8,10,14
2023-04-08,Canisius,LIU,Away,L,9,13,NA,9,3,12,37,23,22,17,6,13,7,20,50,27,30,13,12,13,14,9,14
2023-04-12,Canisius,Mount St. Mary's,Away,W,13,15,NA,13,7,20,39,25,34,23,9,15,8,23,44,26,42,15,17,15,11,13,12
2023-04-15,Canisius,Wagner,Home,W,8,10,NA,8,8,16,32,18,24,19,6,10,3,13,48,24,29,17,7,10,14,8,10
2023-04-22,Canisius,Sacred Heart,Away,L,8,15,NA,8,4,12,36,18,24,17,9,15,11,26,53,26,30,16,5,15,11,8,10
2023-02-11,Cleveland St.,Ohio St.,Away,W,12,19,NA,12,5,17,31,19,26,18,4,19,8,27,42,28,41,13,6,19,9,12,7
2023-02-19,Cleveland St.,Notre Dame,Away,L,8,18,NA,8,4,12,34,17,27,21,4,18,13,31,48,34,47,13,12,18,16,8,9
2023-03-04,Cleveland St.,Canisius,Home,W,18,12,NA,18,11,29,37,22,41,20,7,12,4,16,26,19,34,11,5,12,7,18,4
2023-03-11,Cleveland St.,St. Bonaventure,Away,W,13,6,NA,13,7,20,35,25,22,18,9,6,4,10,35,21,30,19,8,6,15,13,12
2023-03-18,Cleveland St.,Lindenwood,Home,W,14,12,NA,14,7,21,39,33,46,21,11,12,6,18,43,30,59,21,12,12,18,14,19
2023-03-25,Cleveland St.,Robert Morris,Away,L,6,11,NA,6,5,11,38,22,21,21,8,11,10,21,38,23,39,19,9,11,12,6,16
2023-03-29,Cleveland St.,Jacksonville,Home,L,12,14,NA,12,7,19,29,23,23,16,2,14,6,20,50,33,40,9,8,14,19,12,11
2023-04-01,Cleveland St.,Air Force,Home,W,9,12,NA,9,6,15,34,17,27,12,5,12,6,18,31,20,37,19,6,12,8,9,8
2023-04-08,Cleveland St.,Mercer,Away,W,11,8,NA,11,7,18,34,18,23,17,4,8,7,15,30,20,33,15,9,8,12,11,7
2023-04-12,Cleveland St.,Queens (NC),Away,L,13,12,NA,13,6,19,36,27,28,14,9,12,7,19,33,22,25,19,6,12,10,13,14
2023-04-16,Cleveland St.,Bellarmine,Home,W,8,13,NA,8,6,14,41,25,29,19,5,13,6,19,38,23,34,13,9,13,10,8,17
2023-04-22,Cleveland St.,Utah,Away,W,12,19,NA,12,5,17,40,22,23,17,2,19,12,31,61,35,40,11,10,19,16,12,10
2023-04-29,Cleveland St.,Detroit Mercy,Home,W,14,12,NA,14,9,23,38,26,34,20,6,12,4,16,45,25,38,14,7,12,13,14,12
2023-02-18,Colgate,Air Force,Away,W,10,11,NA,10,4,14,38,27,34,18,9,11,5,16,40,23,24,18,10,11,12,10,17
2023-02-25,Colgate,Hobart,Home,W,8,10,NA,8,4,12,48,25,26,18,9,10,5,15,37,18,20,20,6,10,8,8,17
2023-03-04,Colgate,Boston U.,Away,L,8,14,NA,8,8,16,38,16,41,18,8,14,8,22,39,25,32,18,9,14,11,8,8
2023-03-11,Colgate,Navy,Home,L,17,8,NA,17,7,24,39,21,24,16,7,8,4,12,49,29,26,16,5,8,21,17,4
2023-03-18,Colgate,Lafayette,Away,L,9,10,1,9,4,13,41,20,22,11,7,10,6,16,34,23,14,14,6,10,13,9,11
2023-03-25,Colgate,Bucknell,Home,L,10,14,NA,10,6,16,40,23,37,20,12,14,8,22,42,27,31,17,11,14,13,10,13
2023-04-01,Colgate,Harvard,Home,L,10,14,NA,10,5,15,37,21,26,18,9,14,11,25,43,24,35,16,5,14,10,10,11
2023-04-08,Colgate,Army West Point,Home,W,9,10,NA,9,0,9,31,19,25,13,4,10,7,17,45,24,28,12,7,10,14,9,10
2023-04-15,Colgate,Lehigh,Away,L,8,15,NA,8,7,15,32,23,31,19,14,15,11,26,40,25,35,22,14,15,10,8,15
2023-04-22,Colgate,Loyola Maryland,Away,W,11,17,NA,11,7,18,33,20,29,19,6,17,9,26,43,25,37,10,13,17,8,11,9
2023-04-28,Colgate,Holy Cross,Home,L,22,9,NA,22,10,32,45,28,41,15,6,9,4,13,46,24,32,16,7,9,15,22,6
2023-02-18,Cornell,UAlbany,Away,L,12,10,NA,12,3,15,39,17,38,19,8,10,5,15,46,21,28,14,9,10,11,12,5
2023-02-25,Cornell,Lehigh,Home,L,12,5,NA,12,8,20,48,26,39,20,19,5,1,6,27,9,27,32,8,5,4,12,14
2023-02-28,Cornell,Hobart,Away,W,17,8,NA,17,11,28,41,27,44,18,5,8,2,10,39,24,20,12,9,8,16,17,10
2023-03-04,Cornell,Ohio St.,Away,L,16,13,NA,16,8,24,60,31,36,12,14,13,7,20,39,21,32,21,5,13,8,16,15
2023-03-11,Cornell,Penn St.,Home,W,6,10,NA,6,2,8,41,22,34,16,4,10,8,18,51,31,26,12,8,10,21,6,16
2023-03-18,Cornell,Yale,Away,L,20,10,NA,20,11,31,40,31,34,20,11,10,1,11,47,31,32,14,14,10,21,20,11
2023-03-26,Cornell,Penn,Home,W,18,12,NA,18,8,26,41,26,37,16,5,12,4,16,32,24,31,11,7,12,12,18,8
2023-04-01,Cornell,Dartmouth,Home,W,22,11,NA,22,10,32,44,33,42,14,11,11,5,16,39,22,19,18,9,11,11,22,11
2023-04-08,Cornell,Harvard,Away,L,8,10,NA,8,2,10,39,24,43,19,5,10,4,14,47,24,34,12,8,10,14,8,16
2023-04-11,Cornell,Marquette,Home,W,21,11,NA,21,12,33,50,31,39,11,11,11,6,17,41,24,33,16,6,11,13,21,10
2023-04-15,Cornell,Army West Point,Away,L,11,10,NA,11,9,20,35,23,20,13,5,10,4,14,44,22,26,11,8,10,12,11,12
2023-04-22,Cornell,Brown,Away,W,16,9,NA,16,8,24,44,25,29,17,10,9,6,15,41,17,27,21,7,9,8,16,9
2023-04-29,Cornell,Princeton,Home,W,14,13,1,14,7,21,50,28,49,17,11,13,7,20,43,25,29,14,11,13,12,14,14
2023-05-05,Cornell,Yale Robert K Kraft Field,Away,W,15,22,NA,15,9,24,47,34,37,8,14,22,13,35,55,29,37,18,5,22,7,15,19
2023-05-14,Cornell,Michigan,Home,L,14,15,1,14,3,17,46,30,29,10,8,15,6,21,41,26,28,13,7,15,11,14,16
2023-02-18,Dartmouth,Merrimack,Away,L,11,10,NA,11,7,18,33,19,46,27,11,10,4,14,26,20,34,20,13,10,10,11,8
2023-02-25,Dartmouth,Holy Cross,Away,W,17,6,NA,17,10,27,63,41,34,17,13,6,4,10,24,13,22,31,5,6,7,17,24
2023-03-04,Dartmouth,Siena,Home,L,11,8,NA,11,4,15,37,24,37,21,9,8,6,14,26,17,27,17,14,8,9,11,13
2023-03-07,Dartmouth,Hobart,Away,L,20,16,NA,20,11,31,44,27,40,14,5,16,7,23,41,23,28,10,5,16,7,20,7
2023-03-19,Dartmouth,North Carolina,Away,L,7,25,NA,7,4,11,25,14,29,29,1,25,22,47,47,35,41,12,13,25,10,7,7
2023-03-21,Dartmouth,Hampton,Away,W,18,9,NA,18,10,28,54,32,38,22,18,9,3,12,30,18,30,28,13,9,9,18,14
2023-03-25,Dartmouth,Harvard,Home,L,10,9,1,10,5,15,37,17,34,27,7,9,5,14,41,21,33,19,12,9,12,10,7
2023-04-01,Dartmouth,Cornell,Away,W,11,22,NA,11,5,16,39,22,19,18,9,22,10,32,44,33,42,14,11,22,11,11,11
2023-04-08,Dartmouth,Yale,Away,W,11,21,NA,11,5,16,38,23,19,19,6,21,15,36,58,36,38,17,9,21,15,11,12
2023-04-15,Dartmouth,Princeton,Home,W,7,17,NA,7,4,11,34,23,34,15,6,17,13,30,52,37,36,11,9,17,20,7,16
2023-04-22,Dartmouth,Penn,Away,L,6,17,NA,6,5,11,30,21,29,19,9,17,12,29,45,25,25,14,9,17,8,6,15
2023-04-29,Dartmouth,Brown,Home,L,11,13,NA,11,7,18,44,19,37,21,15,13,9,22,40,24,40,23,10,13,11,11,8
2023-02-11,Delaware,Lafayette,Away,W,14,5,NA,14,6,20,55,28,28,7,2,5,1,6,38,17,25,11,6,5,12,14,14
2023-02-15,Delaware,Mount St. Mary's,Away,W,15,6,NA,15,11,26,44,31,34,22,14,6,2,8,23,11,36,27,16,6,5,15,16
2023-02-18,Delaware,St. John's (NY),Home,L,16,9,NA,16,10,26,50,31,39,18,11,9,4,13,38,19,25,18,13,9,10,16,15
2023-02-26,Delaware,Villanova,Home,L,12,13,NA,12,7,19,32,20,38,16,10,13,6,19,46,28,44,15,7,13,15,12,8
2023-03-04,Delaware,Michigan,Home,L,12,16,NA,12,8,20,44,24,30,13,7,16,8,24,38,23,26,14,7,16,7,12,12
2023-03-07,Delaware,UMBC,Home,W,17,11,NA,17,9,26,45,29,34,19,8,11,4,15,35,17,31,19,9,11,6,17,12
2023-03-11,Delaware,Monmouth,Home,L,18,6,NA,18,10,28,43,25,31,10,9,6,4,10,29,14,25,19,3,6,8,18,7
2023-03-19,Delaware,Johns Hopkins,Away,W,10,12,NA,10,6,16,26,16,23,18,9,12,8,20,48,31,49,16,9,12,19,10,6
2023-03-25,Delaware,Hofstra,Away,W,15,7,NA,15,8,23,47,24,29,15,13,7,1,8,34,17,29,22,5,7,10,15,9
2023-04-01,Delaware,Hampton,Home,W,19,1,NA,19,17,36,44,31,30,13,9,1,0,1,28,11,26,20,9,1,10,19,12
2023-04-08,Delaware,Fairfield,Home,L,17,7,NA,17,12,29,46,31,35,14,6,7,4,11,39,20,29,14,9,7,13,17,14
2023-04-15,Delaware,Stony Brook,Away,W,12,9,NA,12,4,16,43,27,30,10,11,9,5,14,43,19,33,21,4,9,10,12,15
2023-04-22,Delaware,Drexel,Home,W,18,13,NA,18,5,23,45,32,30,12,13,13,5,18,38,21,37,18,8,13,8,18,14
2023-04-29,Delaware,Towson,Away,W,10,15,NA,10,6,16,35,24,30,15,12,15,6,21,47,23,36,21,11,15,8,10,14
2023-05-04,Delaware,Towson,Home,L,11,8,NA,11,6,17,40,18,32,17,8,8,7,15,38,18,32,14,12,8,10,11,7
2023-05-06,Delaware,Stony Brook,Home,W,13,10,NA,13,6,19,44,27,27,9,11,10,5,15,41,24,25,16,4,10,14,13,14
2023-05-10,Delaware,Marist,Home,W,25,10,NA,25,13,38,64,37,40,6,9,10,5,15,25,19,27,16,3,10,9,25,12
2023-05-14,Delaware,Duke,Away,W,11,12,NA,11,4,15,30,22,19,14,4,12,7,19,45,27,40,16,12,12,15,11,11
2023-02-04,Denver,Utah,Home,L,12,4,NA,12,7,19,36,20,29,15,1,4,4,8,34,14,18,13,3,4,10,12,8
2023-02-11,Denver,Air Force,Away,W,10,12,NA,10,8,18,35,27,24,14,4,12,5,17,36,18,24,13,6,12,6,10,17
2023-02-17,Denver,Duke,Away,W,13,14,1,13,5,18,33,21,26,18,4,14,9,23,37,22,31,15,9,14,8,13,8
2023-02-25,Denver,Merrimack,Home,L,13,9,NA,13,6,19,58,35,31,14,7,9,7,16,26,18,22,17,7,9,9,13,22
2023-03-04,Denver,North Carolina,Away,L,9,8,NA,9,3,12,31,17,29,21,4,8,6,14,32,15,26,19,10,8,7,9,8
2023-03-11,Denver,Yale,Away,L,9,11,NA,9,4,13,35,22,23,19,6,11,6,17,39,22,22,15,9,11,11,9,13
2023-03-19,Denver,Ohio St.,Home,W,17,12,NA,17,10,27,38,28,30,13,7,12,7,19,37,20,26,15,5,12,8,17,11
2023-04-01,Denver,Georgetown,Away,L,6,13,NA,6,4,10,23,14,18,18,6,13,9,22,46,25,40,18,10,13,12,6,8
2023-04-08,Denver,Villanova,Home,L,12,6,NA,12,7,19,33,17,34,18,4,6,2,8,41,18,25,15,4,6,12,12,5
2023-04-13,Denver,Towson,Away,L,12,10,NA,12,9,21,32,19,28,12,8,10,3,13,39,20,30,14,8,10,10,12,7
2023-04-15,Denver,St. John's (NY),Away,L,12,10,NA,12,10,22,33,21,37,21,12,10,4,14,36,17,20,18,12,10,7,12,9
2023-04-21,Denver,Providence,Home,L,13,6,NA,13,12,25,32,20,34,14,8,6,4,10,23,11,27,19,7,6,5,13,7
2023-04-28,Denver,Marquette,Away,L,15,14,1,15,6,21,44,30,28,12,8,14,8,22,31,21,20,13,6,14,7,15,15
2023-05-04,Denver,"Villanova Milwaukee, Wis.",Away,W,16,9,NA,16,8,24,34,22,29,17,5,9,5,14,29,17,20,17,5,9,8,16,6
2023-05-06,Denver,"Georgetown Milwaukee, Wis.",Away,L,5,14,NA,5,1,6,34,17,21,17,2,14,10,24,35,22,27,12,7,14,8,5,12
2023-02-04,Detroit Mercy,VMI,Away,W,11,14,NA,11,7,18,36,21,21,20,15,14,10,24,53,29,36,18,14,14,15,11,10
2023-02-11,Detroit Mercy,High Point,Away,L,2,17,NA,2,0,2,27,12,17,23,10,17,7,24,71,34,38,16,14,17,17,2,10
2023-03-01,Detroit Mercy,Marquette,Home,W,5,10,NA,5,2,7,46,23,28,17,8,10,5,15,48,26,26,14,9,10,16,5,18
2023-03-14,Detroit Mercy,Ohio St.,Away,L,6,19,NA,6,3,9,26,10,26,18,5,19,11,30,52,31,31,15,9,19,12,6,4
2023-03-18,Detroit Mercy,Mercer,Away,W,12,16,NA,12,7,19,37,20,22,7,7,16,6,22,55,33,41,12,3,16,17,12,8
2023-03-25,Detroit Mercy,Utah,Home,L,11,24,NA,11,3,14,40,24,31,19,5,24,12,36,69,43,54,13,5,24,19,11,13
2023-03-29,Detroit Mercy,Robert Morris,Home,L,14,8,NA,14,5,19,47,27,33,11,9,8,7,15,30,16,29,21,5,8,8,14,13
2023-04-01,Detroit Mercy,Queens (NC),Away,W,5,9,NA,5,0,5,42,21,20,16,9,9,5,14,40,20,17,17,11,9,11,5,16
2023-04-08,Detroit Mercy,Lindenwood,Home,W,17,16,NA,17,9,26,38,22,20,8,7,16,8,24,46,29,32,11,3,16,13,17,5
2023-04-12,Detroit Mercy,Jacksonville,Away,L,7,17,NA,7,4,11,45,28,31,15,8,17,6,23,49,31,41,14,9,17,14,7,21
2023-04-15,Detroit Mercy,Air Force,Away,L,7,22,NA,7,4,11,30,18,22,17,4,22,10,32,58,38,37,12,10,22,16,7,11
2023-04-22,Detroit Mercy,Bellarmine,Home,W,3,18,NA,3,2,5,27,10,32,17,8,18,11,29,42,32,38,13,6,18,14,3,7
2023-04-29,Detroit Mercy,Cleveland St.,Away,W,12,14,NA,12,4,16,45,25,38,14,7,14,9,23,38,26,34,20,6,14,12,12,13
2023-02-18,Drexel,UMBC,Home,W,7,12,NA,7,5,12,34,18,20,18,7,12,7,19,38,22,27,12,10,12,10,7,11
2023-02-21,Drexel,Lafayette,Home,W,16,14,NA,16,9,25,44,27,41,15,10,14,7,21,37,21,22,15,7,14,7,16,11
2023-02-25,Drexel,UAlbany,Away,L,7,11,NA,7,5,12,31,13,18,23,6,11,3,14,36,19,25,18,9,11,8,7,6
2023-03-04,Drexel,Sacred Heart,Away,L,12,11,NA,12,7,19,39,29,23,13,8,11,7,18,38,27,25,16,7,11,16,12,17
2023-03-08,Drexel,"Villanova Philadelphia, Pa.",Away,L,7,14,NA,7,1,8,25,19,34,24,6,14,6,20,43,27,32,14,12,14,13,7,12
2023-03-11,Drexel,"Saint Joseph's Philadelphia, Pa.",Away,L,18,16,NA,18,9,27,33,25,33,18,6,16,5,21,57,32,44,15,7,16,16,18,7
2023-03-18,Drexel,Towson,Away,L,12,11,1,12,4,16,42,19,30,19,6,11,6,17,49,26,30,16,9,11,15,12,7
2023-03-25,Drexel,Hampton,Home,L,18,4,NA,18,12,30,50,35,42,17,11,4,3,7,35,15,26,26,9,4,11,18,17
2023-04-01,Drexel,Fairfield,Away,L,15,11,NA,15,5,20,42,27,40,20,5,11,7,18,46,26,29,12,16,11,15,15,12
2023-04-08,Drexel,Stony Brook,Home,W,15,14,1,15,12,27,35,21,32,21,7,14,8,22,57,25,33,10,10,14,11,15,6
2023-04-15,Drexel,Hofstra,Home,L,7,8,NA,7,2,9,35,21,23,18,3,8,3,11,32,18,18,18,12,8,10,7,14
2023-04-22,Drexel,Delaware,Away,W,13,18,NA,13,5,18,38,21,37,18,8,18,5,23,45,32,30,12,13,18,14,13,8
2023-04-28,Drexel,Monmouth,Home,L,16,7,NA,16,13,29,49,30,38,14,12,7,4,11,35,16,30,23,5,7,9,16,14
2023-05-04,Drexel,"Stony Brook Newark, Del.",Away,W,10,13,NA,10,8,18,46,25,30,16,8,13,9,22,42,23,23,16,9,13,10,10,15
2023-02-04,Duke,Bellarmine,Home,L,19,7,NA,19,10,29,57,41,40,17,12,7,3,10,29,17,27,27,6,7,10,19,22
2023-02-07,Duke,High Point,Home,L,20,8,NA,20,10,30,51,35,36,16,13,8,3,11,43,26,30,20,8,8,18,20,15
2023-02-11,Duke,Jacksonville,Away,W,12,13,NA,12,5,17,48,25,35,16,4,13,6,19,32,24,24,10,10,13,11,12,13
2023-02-17,Duke,Denver,Home,W,14,13,1,14,9,23,37,22,31,15,9,13,5,18,33,21,26,18,4,13,8,14,8
2023-02-25,Duke,Penn,Away,L,14,12,NA,14,8,22,37,24,30,13,5,12,9,21,56,31,31,10,2,12,19,14,10
2023-03-05,Duke,Syracuse,Away,L,14,13,1,14,5,19,66,36,44,14,7,13,8,21,32,24,27,12,8,13,11,14,22
2023-03-10,Duke,Loyola Maryland,Home,L,17,9,NA,17,11,28,46,32,32,12,4,9,3,12,36,18,17,15,7,9,9,17,15
2023-03-17,Duke,North Carolina,Home,L,15,8,NA,15,8,23,39,23,35,22,6,8,2,10,33,22,32,15,7,8,14,15,8
2023-03-20,Duke,Air Force,Home,L,18,6,NA,18,10,28,52,31,43,16,8,6,3,9,35,12,21,22,4,6,6,18,13
2023-03-25,Duke,Saint Joseph's,Away,W,12,9,NA,12,6,18,41,25,27,12,10,9,5,14,38,18,15,17,6,9,9,12,13
2023-03-31,Duke,Virginia,Away,L,16,14,NA,16,9,25,46,30,42,18,7,14,11,25,43,28,45,18,14,14,14,16,14
2023-04-08,Duke,Notre Dame,Away,W,12,17,NA,12,6,18,41,27,34,14,6,17,10,27,39,27,33,9,8,17,10,12,15
2023-04-15,Duke,Virginia,Home,W,15,14,NA,15,8,23,48,32,37,16,6,14,7,21,41,26,34,15,10,14,12,15,17
2023-04-29,Duke,Syracuse,Home,W,18,15,NA,18,10,28,39,28,31,13,5,15,8,23,45,27,23,10,7,15,12,18,10
2023-05-07,Duke,"Merrimack Bethpage, N.Y.",Away,W,14,2,NA,14,10,24,50,31,40,19,11,2,1,3,32,9,33,26,11,2,7,14,17
2023-05-14,Duke,Delaware,Home,W,12,11,NA,12,7,19,45,27,40,16,12,11,4,15,30,22,19,14,4,11,11,12,15
2023-05-20,Duke,"Michigan Albany, N.Y.",Away,W,15,8,NA,15,4,19,36,25,31,15,12,8,5,13,38,22,27,18,3,8,14,15,10
2023-05-27,Duke,"Penn St. Philadelphia, Pa.",Away,L,16,15,1,16,6,22,41,28,33,15,8,15,13,28,29,21,32,17,7,15,6,16,12
2023-05-29,Duke,"Notre Dame Philadelphia, Pa.",Away,L,9,13,NA,9,4,13,47,27,36,11,11,13,6,19,40,23,37,14,8,13,10,9,18
2023-02-11,Fairfield,Lehigh,Away,W,10,20,NA,10,5,15,34,23,28,20,5,20,15,35,50,35,40,14,11,20,15,10,13
2023-02-18,Fairfield,Wagner,Away,W,14,7,NA,14,5,19,41,28,37,21,9,7,4,11,34,15,17,20,9,7,8,14,14
2023-02-22,Fairfield,Sacred Heart,Home,L,17,5,NA,17,11,28,47,32,38,18,9,5,1,6,23,14,22,20,3,5,9,17,15
2023-02-26,Fairfield,Richmond,Away,L,8,10,NA,8,3,11,26,16,20,18,6,10,9,19,39,21,24,15,7,10,11,8,8
2023-03-04,Fairfield,Providence,Away,W,10,17,NA,10,4,14,34,15,30,21,4,17,8,25,47,33,30,13,4,17,16,10,5
2023-03-07,Fairfield,Bryant,Home,L,12,14,NA,12,4,16,37,25,40,15,13,14,10,24,30,21,29,23,8,14,7,12,13
2023-03-11,Fairfield,Binghamton,Home,W,9,14,NA,9,4,13,37,20,25,12,11,14,6,20,48,28,37,17,7,14,14,9,11
2023-03-18,Fairfield,Hofstra,Away,L,12,11,NA,12,7,19,47,23,31,14,5,11,8,19,43,18,20,13,4,11,7,12,11
2023-03-25,Fairfield,Towson,Away,L,7,11,NA,7,3,10,32,22,33,22,10,11,8,19,37,21,48,23,15,11,10,7,15
2023-04-01,Fairfield,Drexel,Home,L,11,15,NA,11,7,18,46,26,29,12,16,15,5,20,42,27,40,20,5,15,12,11,15
2023-04-08,Fairfield,Delaware,Away,L,7,17,NA,7,4,11,39,20,29,14,9,17,12,29,46,31,35,14,6,17,14,7,13
2023-04-15,Fairfield,Monmouth,Home,W,15,14,NA,15,8,23,47,24,33,17,11,14,7,21,44,28,31,18,6,14,14,15,9
2023-04-22,Fairfield,Stony Brook,Away,W,14,17,NA,14,6,20,47,29,48,13,7,17,9,26,50,30,35,14,5,17,13,14,15
2023-04-29,Fairfield,Hampton,Home,L,22,6,NA,22,16,38,50,36,40,19,16,6,2,8,33,18,30,25,7,6,12,22,14
2023-02-11,Georgetown,Johns Hopkins,Away,W,12,13,NA,12,4,16,47,28,35,12,5,13,8,21,40,26,28,13,4,13,13,12,16
2023-02-18,Georgetown,Penn,Home,L,7,9,NA,7,4,11,37,25,27,16,9,9,6,15,39,22,18,17,7,9,13,7,18
2023-02-25,Georgetown,Notre Dame,Home,W,8,15,NA,8,4,12,34,18,36,17,9,15,7,22,48,28,32,20,10,15,13,8,10
2023-03-04,Georgetown,Princeton,Away,L,13,10,NA,13,6,19,46,30,37,13,5,10,8,18,42,25,24,16,7,10,15,13,17
2023-03-11,Georgetown,Richmond,Home,W,13,12,NA,13,5,18,47,32,41,11,14,12,6,18,28,17,35,26,7,12,5,13,19
2023-03-18,Georgetown,High Point,Home,W,22,10,NA,22,14,36,52,34,48,16,15,10,7,17,33,19,33,24,6,10,9,22,12
2023-03-25,Georgetown,Lehigh,Home,W,17,15,NA,17,8,25,41,26,44,18,14,15,12,27,38,26,43,25,11,15,11,17,9
2023-04-01,Georgetown,Denver,Home,L,13,6,NA,13,9,22,46,25,40,18,10,6,4,10,23,14,18,18,6,6,8,13,12
2023-04-08,Georgetown,Providence,Home,W,13,11,NA,13,8,21,56,36,61,12,9,11,6,17,28,15,27,14,5,11,4,13,23
2023-04-15,Georgetown,Marquette,Away,L,15,14,1,15,11,26,43,30,27,10,5,14,7,21,41,21,30,16,2,14,7,15,15
2023-04-18,Georgetown,Loyola Maryland,Away,W,23,7,NA,23,12,35,46,33,42,14,8,7,3,10,33,17,24,17,8,7,10,23,10
2023-04-22,Georgetown,St. John's (NY),Away,L,18,12,NA,18,15,33,48,31,48,13,6,12,6,18,35,24,24,13,6,12,12,18,13
2023-04-28,Georgetown,Villanova,Home,L,12,8,NA,12,5,17,38,24,38,18,12,8,4,12,34,15,29,21,8,8,7,12,12
2023-05-04,Georgetown,"Providence Milwaukee, Wis.",Away,W,19,8,NA,19,13,32,40,27,36,16,4,8,1,9,40,24,24,14,9,8,16,19,8
2023-05-06,Georgetown,"Denver Milwaukee, Wis.",Away,W,14,5,NA,14,10,24,35,22,27,12,7,5,1,6,34,17,21,17,2,5,12,14,8
2023-05-13,Georgetown,Yale,Home,W,19,17,NA,19,10,29,50,31,34,15,11,17,5,22,42,27,29,12,4,17,10,19,12
2023-05-20,Georgetown,"Virginia Albany, N.Y.",Away,W,14,17,NA,14,6,20,48,28,36,12,3,17,11,28,40,28,39,11,12,17,11,14,14
2023-02-19,Hampton,Queens (NC),Home,L,10,17,NA,10,7,17,37,15,47,30,15,17,11,28,33,30,49,23,24,17,13,10,5
2023-02-21,Hampton,VMI,Away,W,10,20,NA,10,4,14,24,21,38,27,13,20,9,29,46,28,35,24,11,20,8,10,11
2023-02-26,Hampton,High Point,Away,L,9,27,NA,9,5,14,19,13,30,28,6,27,19,46,61,35,55,19,18,27,8,9,4
2023-03-01,Hampton,St. Andrews,Away,W,16,4,NA,16,9,25,53,32,17,15,10,4,2,6,18,9,10,16,8,4,5,16,16
2023-03-10,Hampton,Wabash,Home,L,16,4,NA,16,13,29,51,33,61,20,19,4,4,8,20,16,12,21,7,4,12,16,17
2023-03-14,Hampton,Lafayette,Home,W,9,18,NA,9,1,10,25,18,27,24,9,18,10,28,42,31,51,18,16,18,13,9,9
2023-03-18,Hampton,Stony Brook,Home,W,3,19,NA,3,1,4,14,12,12,26,4,19,11,30,61,37,35,10,11,19,18,3,9
2023-03-21,Hampton,Dartmouth,Home,W,9,18,NA,9,3,12,30,18,30,28,13,18,10,28,54,32,38,22,18,18,14,9,9
2023-03-25,Hampton,Drexel,Away,L,4,18,NA,4,3,7,35,15,26,26,9,18,12,30,50,35,42,17,11,18,17,4,11
2023-04-01,Hampton,Delaware,Away,W,1,19,NA,1,0,1,28,11,26,20,9,19,17,36,44,31,30,13,9,19,12,1,10
2023-04-08,Hampton,Monmouth,Home,W,6,14,NA,6,2,8,33,21,21,16,9,14,9,23,48,29,39,18,12,14,15,6,15
2023-04-15,Hampton,Towson,Away,W,1,20,NA,1,0,1,10,5,29,25,6,20,14,34,54,30,40,10,14,20,10,1,4
2023-04-22,Hampton,Hofstra,Home,W,4,15,NA,4,2,6,24,14,30,21,7,15,9,24,40,27,34,16,12,15,12,4,10
2023-04-29,Hampton,Fairfield,Away,L,6,22,NA,6,2,8,33,18,30,25,7,22,16,38,50,36,40,19,16,22,14,6,12
2023-02-18,Harvard,Virginia,Away,W,21,25,NA,21,16,37,49,34,39,13,11,25,17,42,47,34,45,17,5,25,9,21,13
2023-02-25,Harvard,Bucknell,Home,L,13,8,NA,13,5,18,54,27,30,24,12,8,5,13,33,25,29,25,12,8,17,13,14
2023-03-03,Harvard,Vermont,Home,L,12,5,NA,12,8,20,45,24,41,13,10,5,3,8,33,18,40,23,5,5,13,12,12
2023-03-11,Harvard,Michigan,Home,L,13,19,NA,13,5,18,45,30,35,13,9,19,10,29,43,30,45,23,7,19,11,13,17
2023-03-18,Harvard,Brown,Away,L,16,15,1,16,13,29,55,32,31,9,10,15,3,18,35,22,31,20,6,15,7,16,16
2023-03-21,Harvard,Boston U.,Away,W,11,15,NA,11,8,19,42,24,43,23,15,15,9,24,39,26,41,24,16,15,11,11,13
2023-03-25,Harvard,Dartmouth,Away,L,9,10,1,9,5,14,41,21,33,19,12,10,5,15,37,17,34,27,7,10,7,9,12
2023-04-01,Harvard,Colgate,Away,L,14,10,NA,14,11,25,43,24,35,16,5,10,5,15,37,21,26,18,9,10,11,14,10
2023-04-08,Harvard,Cornell,Home,L,10,8,NA,10,4,14,47,24,34,12,8,8,2,10,39,24,43,19,5,8,16,10,14
2023-04-15,Harvard,Penn,Home,W,9,15,NA,9,5,14,46,25,33,16,11,15,11,26,34,26,40,20,9,15,11,9,16
2023-04-22,Harvard,Princeton,Away,W,11,17,NA,11,5,16,45,32,29,5,10,17,7,24,50,29,44,15,2,17,12,11,21
2023-04-29,Harvard,Yale,Home,L,11,14,NA,11,3,14,41,27,44,19,13,14,7,21,35,25,41,24,6,14,11,11,16
2023-02-07,High Point,Duke,Away,L,8,20,NA,8,3,11,43,26,30,20,8,20,10,30,51,35,36,16,13,20,15,8,18
2023-02-11,High Point,Detroit Mercy,Home,L,17,2,NA,17,7,24,71,34,38,16,14,2,0,2,27,12,17,23,10,2,10,17,17
2023-02-17,High Point,VMI,Away,L,17,11,NA,17,11,28,51,31,36,13,13,11,9,20,23,21,24,18,5,11,10,17,14
2023-02-25,High Point,Navy,Home,W,14,13,NA,14,6,20,40,20,26,18,9,13,10,23,44,23,37,18,8,13,10,14,6
2023-02-26,High Point,Hampton,Home,L,27,9,NA,27,19,46,61,35,55,19,18,9,5,14,19,13,30,28,6,9,4,27,8
2023-03-04,High Point,"Jacksonville Charlotte, N.C.",Away,W,15,17,NA,15,11,26,43,30,34,16,14,17,7,24,34,27,31,21,10,17,10,15,15
2023-03-07,High Point,Queens (NC),Home,L,22,6,NA,22,14,36,58,36,51,15,12,6,6,12,17,9,24,23,5,6,3,22,14
2023-03-11,High Point,Robert Morris,Home,W,16,14,NA,16,10,26,49,28,42,16,7,14,8,22,37,26,26,11,9,14,12,16,12
2023-03-18,High Point,Georgetown,Away,W,10,22,NA,10,7,17,33,19,33,24,6,22,14,36,52,34,48,16,15,22,12,10,9
2023-03-22,High Point,North Carolina,Away,L,9,16,NA,9,4,13,42,23,35,23,7,16,9,25,40,33,40,15,14,16,17,9,14
2023-04-01,High Point,Massachusetts,Away,W,10,12,NA,10,5,15,51,24,32,15,8,12,7,19,36,22,36,19,12,12,10,10,14
2023-04-08,High Point,Hobart,Home,W,14,13,NA,14,7,21,46,27,35,21,14,13,8,21,39,20,21,18,10,13,7,14,13
2023-04-15,High Point,Richmond,Away,L,9,13,NA,9,7,16,37,24,22,17,7,13,6,19,44,27,31,12,12,13,14,9,15
2023-04-22,High Point,St. Bonaventure,Away,W,17,8,NA,17,13,30,45,27,35,18,11,8,6,14,46,25,29,20,9,8,17,17,10
2023-04-29,High Point,Saint Joseph's,Home,L,11,17,NA,11,9,20,40,20,28,12,7,17,9,26,37,25,36,13,4,17,8,11,9
2023-05-04,High Point,"Saint Joseph's Richmond, Va.",Away,L,16,14,NA,16,12,28,45,28,35,17,10,14,4,18,41,24,34,16,8,14,10,16,12
2023-05-06,High Point,Richmond,Away,L,8,15,NA,8,5,13,33,23,28,20,3,15,6,21,40,24,24,13,7,15,9,8,15
2023-02-05,Hofstra,Merrimack,Away,L,7,10,NA,7,4,11,44,16,41,26,9,10,8,18,30,21,23,16,6,10,11,7,9
2023-02-11,Hofstra,Navy,Home,L,12,13,NA,12,6,18,43,26,37,14,7,13,8,21,33,23,17,14,2,13,10,12,14
2023-02-18,Hofstra,Michigan,Away,W,10,11,NA,10,6,16,38,22,20,12,8,11,8,19,38,26,29,14,9,11,15,10,12
2023-02-21,Hofstra,LIU,Home,L,13,7,NA,13,10,23,44,24,32,15,12,7,3,10,27,15,21,18,5,7,8,13,11
2023-02-25,Hofstra,St. John's (NY),Away,L,16,12,NA,16,10,26,49,30,37,18,8,12,8,20,44,21,17,17,12,12,9,16,14
2023-03-04,Hofstra,Villanova,Home,W,8,15,NA,8,4,12,35,16,26,19,4,15,10,25,46,29,33,14,7,15,14,8,8
2023-03-14,Hofstra,Syracuse,Home,W,8,16,NA,8,6,14,51,21,32,20,4,16,13,29,48,28,19,10,6,16,12,8,13
2023-03-18,Hofstra,Fairfield,Home,L,11,12,NA,11,8,19,43,18,20,13,4,12,7,19,47,23,31,14,5,12,11,11,7
2023-03-25,Hofstra,Delaware,Home,W,7,15,NA,7,1,8,34,17,29,22,5,15,8,23,47,24,29,15,13,15,9,7,10
2023-04-01,Hofstra,Monmouth,Away,W,12,6,NA,12,7,19,41,23,31,12,6,6,2,8,39,21,26,13,6,6,15,12,11
2023-04-08,Hofstra,Towson,Home,W,8,10,NA,8,4,12,42,28,28,11,9,10,8,18,43,19,26,21,3,10,9,8,20
2023-04-15,Hofstra,Drexel,Away,L,8,7,NA,8,3,11,32,18,18,18,12,7,2,9,35,21,23,18,3,7,14,8,10
2023-04-22,Hofstra,Hampton,Away,W,15,4,NA,15,9,24,40,27,34,16,12,4,2,6,24,14,30,21,7,4,10,15,12
2023-04-29,Hofstra,Stony Brook,Home,L,10,11,NA,10,5,15,45,21,38,17,5,11,7,18,30,20,23,12,7,11,9,10,11
2023-02-05,Holy Cross,Providence,Away,L,9,12,NA,9,4,13,35,24,39,21,6,12,6,18,40,22,29,24,9,12,10,9,15
2023-02-08,Holy Cross,Merrimack,Away,L,9,14,NA,9,5,14,36,20,34,17,6,14,5,19,40,25,45,22,6,14,11,9,11
2023-02-12,Holy Cross,Syracuse,Away,L,6,15,NA,6,0,6,33,17,32,23,4,15,13,28,51,35,35,8,10,15,20,6,11
2023-02-18,Holy Cross,Mercer,Away,L,6,15,NA,6,2,8,26,14,21,25,8,15,11,26,49,33,28,13,14,15,18,6,8
2023-02-25,Holy Cross,Dartmouth,Home,W,6,17,NA,6,4,10,24,13,22,31,5,17,10,27,63,41,34,17,13,17,24,6,7
2023-03-05,Holy Cross,Army West Point,Home,W,6,13,NA,6,3,9,30,14,19,23,5,13,9,22,55,31,35,18,10,13,18,6,8
2023-03-11,Holy Cross,Lehigh,Home,L,11,18,NA,11,3,14,29,20,29,18,5,18,10,28,47,34,41,15,7,18,16,11,9
2023-03-18,Holy Cross,Boston U.,Away,L,9,23,NA,9,7,16,33,17,41,24,7,23,15,38,52,39,44,20,14,23,16,9,8
2023-03-25,Holy Cross,Navy,Home,W,8,13,NA,8,5,13,28,20,24,19,4,13,7,20,58,31,36,18,10,13,18,8,12
2023-04-01,Holy Cross,Loyola Maryland,Away,L,8,15,NA,8,5,13,28,16,20,19,6,15,8,23,52,32,41,10,9,15,17,8,8
2023-04-08,Holy Cross,Lafayette,Away,W,11,17,NA,11,5,16,32,16,23,12,6,17,12,29,44,23,29,16,4,17,6,11,5
2023-04-15,Holy Cross,Bucknell,Home,L,12,18,NA,12,9,21,30,25,30,19,6,18,9,27,63,42,35,17,9,18,24,12,13
2023-04-18,Holy Cross,UMass Lowell,Home,L,13,9,NA,13,8,21,53,37,35,14,11,9,6,15,31,21,24,16,8,9,12,13,24
2023-04-28,Holy Cross,Colgate,Away,L,9,22,NA,9,4,13,46,24,32,16,7,22,10,32,45,28,41,15,6,22,6,9,15
2023-02-04,Jacksonville,Johns Hopkins,Home,W,7,12,NA,7,3,10,36,22,27,19,12,12,6,18,44,25,43,20,8,12,13,7,15
2023-02-11,Jacksonville,Duke,Home,W,13,12,NA,13,6,19,32,24,24,10,10,12,5,17,48,25,35,16,4,12,13,13,11
2023-02-18,Jacksonville,Marist,Home,L,13,5,NA,13,8,21,37,26,31,13,18,5,2,7,34,23,35,22,5,5,18,13,13
2023-03-04,Jacksonville,"High Point Charlotte, N.C.",Away,L,17,15,NA,17,7,24,34,27,31,21,10,15,11,26,43,30,34,16,14,15,15,17,10
2023-03-08,Jacksonville,UMass Lowell,Home,L,16,7,NA,16,7,23,42,33,34,13,16,7,1,8,30,18,30,22,2,7,11,16,17
2023-03-11,Jacksonville,St. John's (NY),Away,W,17,9,NA,17,15,32,52,34,45,22,20,9,5,14,37,19,24,24,12,9,10,17,17
2023-03-18,Jacksonville,Robert Morris,Away,W,12,6,NA,12,8,20,51,22,30,24,10,6,3,9,28,17,30,23,10,6,11,12,10
2023-03-25,Jacksonville,Mercer,Home,W,18,15,NA,18,10,28,53,32,34,13,17,15,9,24,39,26,29,21,5,15,11,18,14
2023-03-29,Jacksonville,Cleveland St.,Away,L,14,12,NA,14,6,20,50,33,40,9,8,12,7,19,29,23,23,16,2,12,11,14,19
2023-03-31,Jacksonville,Utah,Away,W,15,18,NA,15,9,24,45,32,42,15,4,18,7,25,47,27,37,10,7,18,9,15,17
2023-04-08,Jacksonville,Queens (NC),Home,L,25,5,NA,25,20,45,80,51,50,10,11,5,3,8,22,14,19,14,2,5,9,25,26
2023-04-12,Jacksonville,Detroit Mercy,Home,L,17,7,NA,17,6,23,49,31,41,14,9,7,4,11,45,28,31,15,8,7,21,17,14
2023-04-15,Jacksonville,Lindenwood,Away,W,15,5,NA,15,12,27,58,34,49,18,14,5,1,6,23,14,25,27,9,5,9,15,19
2023-04-22,Jacksonville,Air Force,Home,L,11,15,NA,11,5,16,29,22,36,23,13,15,7,22,32,27,26,20,10,15,12,11,11
2023-04-29,Jacksonville,Bellarmine,Away,L,13,12,NA,13,8,21,43,25,29,16,9,12,7,19,39,21,26,18,5,12,9,13,12
2023-05-02,Jacksonville,"Robert Morris Moon Township, Pa.",Away,W,8,9,NA,8,5,13,42,18,26,21,10,9,5,14,41,22,29,21,7,9,13,8,10
2023-02-04,Johns Hopkins,Jacksonville,Away,W,12,7,NA,12,6,18,44,25,43,20,8,7,3,10,36,22,27,19,12,7,15,12,13
2023-02-11,Johns Hopkins,Georgetown,Home,W,13,12,NA,13,8,21,40,26,28,13,4,12,4,16,47,28,35,12,5,12,16,13,13
2023-02-14,Johns Hopkins,North Carolina,Home,W,7,11,NA,7,3,10,32,21,31,17,8,11,6,17,44,26,35,18,7,11,15,7,14
2023-02-18,Johns Hopkins,Loyola Maryland,Away,L,8,13,NA,8,1,9,38,21,30,17,6,13,9,22,38,26,36,16,13,13,13,8,13
2023-02-25,Johns Hopkins,Utah,Home,L,12,8,NA,12,9,21,33,26,37,13,9,8,6,14,45,23,25,12,8,8,15,12,14
2023-03-04,Johns Hopkins,Saint Joseph's,Home,W,15,14,NA,15,12,27,31,21,30,21,11,14,4,18,43,25,26,14,11,14,11,15,6
2023-03-07,Johns Hopkins,Virginia,Home,L,13,18,NA,13,8,21,31,22,22,14,6,18,12,30,47,29,42,15,5,18,11,13,9
2023-03-11,Johns Hopkins,Syracuse,Away,W,11,9,NA,11,6,17,40,23,27,15,6,9,6,15,42,30,24,13,11,9,21,11,12
2023-03-17,Johns Hopkins,Navy,Away,W,12,9,NA,12,8,20,39,25,27,20,5,9,6,15,38,22,29,16,4,9,13,12,13
2023-03-19,Johns Hopkins,Delaware,Home,W,12,10,NA,12,8,20,48,31,49,16,9,10,6,16,26,16,23,18,9,10,6,12,19
2023-03-25,Johns Hopkins,Michigan,Away,L,15,11,NA,15,7,22,43,23,34,16,10,11,9,20,32,18,27,20,4,11,7,15,8
2023-04-01,Johns Hopkins,Rutgers,Home,W,16,12,NA,16,8,24,38,25,25,14,9,12,5,17,48,26,37,14,6,12,14,16,9
2023-04-08,Johns Hopkins,Penn St.,Away,W,11,12,2,11,5,16,42,28,28,14,5,12,7,19,32,20,44,22,4,12,8,11,17
2023-04-15,Johns Hopkins,Ohio St.,Home,L,17,8,NA,17,12,29,39,28,33,17,7,8,3,11,28,16,23,17,5,8,8,17,11
2023-04-22,Johns Hopkins,Maryland,Away,L,12,11,NA,12,6,18,36,20,37,18,11,11,6,17,33,17,33,18,12,11,6,12,8
2023-05-04,Johns Hopkins,Maryland,Home,W,9,14,NA,9,6,15,29,20,20,17,7,14,7,21,34,24,27,16,5,14,10,9,11
2023-05-14,Johns Hopkins,Bryant,Home,L,22,8,NA,22,16,38,53,35,47,12,10,8,5,13,36,22,34,19,11,8,14,22,13
2023-05-21,Johns Hopkins,"Notre Dame Annapolis, Md.",Away,L,9,12,NA,9,5,14,31,19,27,14,4,12,6,18,43,18,25,16,6,12,6,9,10
2023-02-11,LIU,Merrimack,Away,L,9,15,NA,9,6,15,34,24,43,18,4,15,9,24,36,25,34,17,4,15,10,9,15
2023-02-18,LIU,Lindenwood,Home,L,8,9,NA,8,3,11,47,22,33,28,5,9,4,13,34,21,22,22,11,9,12,8,14
2023-02-21,LIU,Hofstra,Away,L,7,13,NA,7,3,10,27,15,21,18,5,13,10,23,44,24,32,15,12,13,11,7,8
2023-02-25,LIU,Monmouth,Home,W,6,10,NA,6,3,9,30,15,15,13,7,10,8,18,35,19,32,14,2,10,9,6,9
2023-03-03,LIU,UMass Lowell,Away,W,12,8,NA,12,5,17,42,25,26,17,10,8,6,14,29,19,27,20,4,8,11,12,13
2023-03-11,LIU,VMI,Home,W,14,13,NA,14,5,19,46,27,34,10,5,13,7,20,42,24,35,13,5,13,11,14,13
2023-03-18,LIU,Mount St. Mary's,Away,W,13,16,NA,13,7,20,37,21,32,20,8,16,11,27,47,29,50,17,10,16,13,13,8
2023-03-25,LIU,Siena,Home,W,13,11,NA,13,5,18,38,21,33,20,5,11,7,18,44,21,33,20,12,11,10,13,8
2023-03-29,LIU,Wagner,Home,L,13,6,NA,13,3,16,37,22,35,17,15,6,1,7,43,28,29,18,7,6,22,13,9
2023-04-01,LIU,Sacred Heart,Away,L,9,10,NA,9,4,13,45,27,30,14,2,10,5,15,40,19,31,18,6,10,9,9,18
2023-04-08,LIU,Canisius,Home,L,13,9,NA,13,7,20,50,27,30,13,12,9,3,12,37,23,22,17,6,9,14,13,14
2023-04-12,LIU,Manhattan,Away,W,10,14,NA,10,5,15,36,22,34,19,9,14,10,24,42,22,28,12,8,14,8,10,12
2023-04-15,LIU,Marist,Home,L,10,16,NA,10,5,15,50,25,35,12,11,16,13,29,45,24,31,14,7,16,8,10,15
2023-04-22,LIU,Quinnipiac,Away,W,13,19,NA,13,6,19,45,21,22,13,5,19,12,31,61,33,34,11,9,19,14,13,8
2023-02-04,Lafayette,Penn St.,Away,W,11,21,NA,11,3,14,43,32,38,20,8,21,13,34,50,36,46,21,14,21,15,11,21
2023-02-11,Lafayette,Delaware,Home,W,5,14,NA,5,1,6,38,17,25,11,6,14,6,20,55,28,28,7,2,14,14,5,12
2023-02-18,Lafayette,Sacred Heart,Home,L,15,8,NA,15,8,23,38,23,28,10,10,8,4,12,35,17,26,18,2,8,9,15,8
2023-02-21,Lafayette,Drexel,Away,W,14,16,NA,14,7,21,37,21,22,15,7,16,9,25,44,27,41,15,10,16,11,14,7
2023-02-25,Lafayette,Binghamton,Away,W,10,4,NA,10,8,18,35,26,36,14,11,4,3,7,35,14,24,19,5,4,10,10,16
2023-03-04,Lafayette,Loyola Maryland,Away,W,11,15,NA,11,4,15,36,24,21,14,5,15,12,27,42,29,36,12,8,15,14,11,13
2023-03-10,Lafayette,Army West Point,Away,L,9,17,NA,9,3,12,38,22,28,16,5,17,5,22,43,26,31,14,9,17,9,9,13
2023-03-14,Lafayette,Hampton,Away,W,18,9,NA,18,10,28,42,31,51,18,16,9,1,10,25,18,27,24,9,9,9,18,13
2023-03-18,Lafayette,Colgate,Home,L,10,9,1,10,6,16,34,23,14,14,6,9,4,13,41,20,22,11,7,9,11,10,13
2023-03-25,Lafayette,Boston U.,Home,L,10,12,NA,10,8,18,35,17,33,22,6,12,6,18,39,22,24,17,11,12,10,10,7
2023-04-01,Lafayette,Lehigh,Away,L,9,15,NA,9,4,13,36,20,23,13,4,15,11,26,46,33,43,12,9,15,18,9,11
2023-04-08,Lafayette,Holy Cross,Home,W,17,11,NA,17,12,29,44,23,29,16,4,11,5,16,32,16,23,12,6,11,5,17,6
2023-04-15,Lafayette,Navy,Away,W,6,9,NA,6,2,8,32,12,24,11,3,9,5,14,49,21,31,9,4,9,12,6,6
2023-04-21,Lafayette,Bucknell,Home,W,14,13,1,14,12,26,39,24,32,20,3,13,9,22,45,26,30,10,9,13,13,14,10
2023-04-25,Lafayette,Virginia,Home,L,11,20,NA,11,7,18,44,25,30,14,7,20,13,33,41,27,41,17,8,20,7,11,14
2023-05-02,Lafayette,Lehigh,Away,L,8,12,NA,8,4,12,27,18,17,15,5,12,10,22,41,27,31,11,9,12,15,8,10
2023-02-11,Lehigh,Fairfield,Home,W,20,10,NA,20,15,35,50,35,40,14,11,10,5,15,34,23,28,20,5,10,13,20,15
2023-02-18,Lehigh,Hobart,Home,W,19,13,NA,19,10,29,54,36,38,16,11,13,7,20,35,25,38,18,6,13,12,19,17
2023-02-25,Lehigh,Cornell,Away,L,5,12,NA,5,1,6,27,9,27,32,8,12,8,20,48,26,39,20,19,12,14,5,4
2023-03-04,Lehigh,Navy,Away,L,13,10,NA,13,10,23,38,23,31,19,7,10,6,16,54,26,29,18,12,10,16,13,10
2023-03-07,Lehigh,Binghamton,Home,W,14,13,NA,14,4,18,35,26,48,20,11,13,7,20,37,27,30,15,10,13,14,14,12
2023-03-11,Lehigh,Holy Cross,Away,L,18,11,NA,18,10,28,47,34,41,15,7,11,3,14,29,20,29,18,5,11,9,18,16
2023-03-18,Lehigh,Army West Point,Home,L,10,12,NA,10,6,16,26,16,27,19,9,12,5,17,37,25,43,13,10,12,13,10,6
2023-03-25,Lehigh,Georgetown,Away,W,15,17,NA,15,12,27,38,26,43,25,11,17,8,25,41,26,44,18,14,17,9,15,11
2023-04-01,Lehigh,Lafayette,Home,L,15,9,NA,15,11,26,46,33,43,12,9,9,4,13,36,20,23,13,4,9,11,15,18
2023-04-08,Lehigh,Bucknell,Away,W,11,8,NA,11,9,20,39,24,45,20,9,8,5,13,37,22,25,13,13,8,14,11,13
2023-04-15,Lehigh,Colgate,Home,L,15,8,NA,15,11,26,40,25,35,22,14,8,7,15,32,23,31,19,14,8,15,15,10
2023-04-22,Lehigh,Boston U.,Away,W,11,14,NA,11,9,20,39,28,38,22,12,14,12,26,40,23,34,20,20,14,9,11,17
2023-04-28,Lehigh,Loyola Maryland,Home,L,15,9,NA,15,7,22,40,27,38,19,6,9,7,16,31,24,30,15,13,9,15,15,12
2023-05-02,Lehigh,Lafayette,Home,L,12,8,NA,12,10,22,41,27,31,11,9,8,4,12,27,18,17,15,5,8,10,12,15
2023-05-05,Lehigh,"Army West Point Boston, Mass.",Away,W,13,19,NA,13,7,20,43,27,35,16,11,19,6,25,42,23,39,19,7,19,4,13,14
2023-02-04,Lindenwood,Marquette,Away,L,2,17,NA,2,1,3,30,12,22,20,8,17,9,26,40,24,37,22,7,17,7,2,10
2023-02-18,Lindenwood,LIU,Away,L,9,8,NA,9,4,13,34,21,22,22,11,8,3,11,47,22,33,28,5,8,14,9,12
2023-03-11,Lindenwood,NJIT,Away,W,13,14,NA,13,7,20,60,31,31,12,15,14,10,24,46,26,30,23,10,14,12,13,18
2023-03-18,Lindenwood,Cleveland St.,Away,W,12,14,NA,12,6,18,43,30,59,21,12,14,7,21,39,33,46,21,11,14,19,12,18
2023-03-25,Lindenwood,Air Force,Away,L,6,15,NA,6,2,8,33,18,28,22,11,15,10,25,41,29,22,22,10,15,14,6,12
2023-03-29,Lindenwood,Queens (NC),Home,L,15,6,NA,15,7,22,57,28,43,20,10,6,5,11,40,19,25,24,5,6,13,15,13
2023-04-01,Lindenwood,Bellarmine,Home,W,7,18,NA,7,3,10,26,14,31,24,7,18,9,27,48,28,46,20,10,18,10,7,7
2023-04-08,Lindenwood,Detroit Mercy,Away,W,16,17,NA,16,8,24,46,29,32,11,3,17,9,26,38,22,20,8,7,17,5,16,13
2023-04-12,Lindenwood,Utah,Away,L,8,22,NA,8,4,12,39,24,36,24,6,22,13,35,67,44,51,16,12,22,22,8,16
2023-04-15,Lindenwood,Jacksonville,Home,W,5,15,NA,5,1,6,23,14,25,27,9,15,12,27,58,34,49,18,14,15,19,5,9
2023-04-22,Lindenwood,Robert Morris,Away,W,12,18,NA,12,5,17,29,21,26,19,10,18,12,30,56,36,58,24,13,18,18,12,9
2023-04-29,Lindenwood,Mercer,Home,W,8,12,NA,8,3,11,32,15,25,18,9,12,10,22,42,20,31,20,9,12,8,8,7
2023-02-11,Loyola Maryland,Maryland,Home,L,12,7,NA,12,6,18,26,17,27,17,11,7,4,11,42,26,38,22,8,7,19,12,5
2023-02-18,Loyola Maryland,Johns Hopkins,Home,L,13,8,NA,13,9,22,38,26,36,16,13,8,1,9,38,21,30,17,6,8,13,13,13
2023-02-25,Loyola Maryland,Rutgers,Away,L,6,10,NA,6,4,10,35,22,27,11,6,10,7,17,40,24,26,11,7,10,14,6,16
2023-03-01,Loyola Maryland,Towson,Away,L,12,11,1,12,9,21,43,22,30,17,9,11,5,16,45,26,39,18,6,11,15,12,10
2023-03-04,Loyola Maryland,Lafayette,Home,W,15,11,NA,15,12,27,42,29,36,12,8,11,4,15,36,24,21,14,5,11,13,15,14
2023-03-10,Loyola Maryland,Duke,Away,L,9,17,NA,9,3,12,36,18,17,15,7,17,11,28,46,32,32,12,4,17,15,9,9
2023-03-18,Loyola Maryland,Bucknell,Away,L,14,13,NA,14,11,25,40,26,40,18,9,13,5,18,43,27,34,20,12,13,14,14,12
2023-03-25,Loyola Maryland,Army West Point,Away,L,5,10,NA,5,3,8,32,16,27,19,12,10,8,18,39,22,38,21,11,10,12,5,11
2023-04-01,Loyola Maryland,Holy Cross,Home,L,15,8,NA,15,8,23,52,32,41,10,9,8,5,13,28,16,20,19,6,8,8,15,17
2023-04-07,Loyola Maryland,Navy,Home,L,10,11,NA,10,4,14,54,33,42,16,11,11,10,21,45,21,31,17,9,11,10,10,23
2023-04-15,Loyola Maryland,Boston U.,Away,L,9,16,NA,9,7,16,32,17,33,20,9,16,10,26,43,28,40,15,10,16,12,9,8
2023-04-18,Loyola Maryland,Georgetown,Home,W,7,23,NA,7,3,10,33,17,24,17,8,23,12,35,46,33,42,14,8,23,10,7,10
2023-04-22,Loyola Maryland,Colgate,Home,W,17,11,NA,17,9,26,43,25,37,10,13,11,7,18,33,20,29,19,6,11,9,17,8
2023-04-28,Loyola Maryland,Lehigh,Away,L,9,15,NA,9,7,16,31,24,30,15,13,15,7,22,40,27,38,19,6,15,12,9,15
2023-05-02,Loyola Maryland,Navy,Away,W,12,7,NA,12,6,18,37,23,30,12,6,7,6,13,43,25,34,17,5,7,18,12,11
2023-05-05,Loyola Maryland,Boston U.,Away,L,12,11,NA,12,10,22,37,24,27,19,8,11,6,17,47,31,29,11,13,11,20,12,12
2023-05-07,Loyola Maryland,"Army West Point Boston, Mass.",Away,L,8,10,NA,8,5,13,43,22,32,8,15,10,7,17,37,21,39,20,6,10,11,8,14
2023-02-11,Manhattan,"St. John's (NY) West Islip, N.Y.",Away,L,9,5,NA,9,3,12,35,19,24,20,13,5,2,7,37,19,15,16,12,5,14,9,10
2023-02-18,Manhattan,Navy,Away,L,6,5,NA,6,4,10,31,16,22,16,1,5,1,6,47,27,35,8,5,5,22,6,10
2023-02-21,Manhattan,Princeton,Away,L,9,14,NA,9,7,16,36,22,33,16,5,14,8,22,46,31,35,13,7,14,17,9,13
2023-02-25,Manhattan,NJIT,Home,L,11,8,NA,11,8,19,39,27,33,16,7,8,2,10,33,17,24,17,4,8,9,11,16
2023-03-04,Manhattan,Bryant,Away,W,12,15,NA,12,5,17,37,16,31,16,4,15,9,24,46,26,28,8,7,15,11,12,4
2023-03-11,Manhattan,Mount St. Mary's,Away,L,9,3,NA,9,4,13,22,14,27,23,10,3,1,4,36,15,34,17,15,3,12,9,5
2023-03-18,Manhattan,Sacred Heart,Home,W,9,7,NA,9,4,13,43,18,23,12,11,7,3,10,25,13,21,15,3,7,6,9,9
2023-03-25,Manhattan,Canisius,Home,L,14,9,NA,14,8,22,40,27,28,13,7,9,5,14,30,16,14,10,4,9,7,14,13
2023-03-29,Manhattan,Quinnipiac,Away,W,12,5,NA,12,7,19,37,27,23,10,4,5,2,7,30,13,24,17,2,5,8,12,15
2023-04-01,Manhattan,Marist,Home,W,9,10,NA,9,7,16,39,17,31,20,9,10,6,16,27,15,18,12,8,10,5,9,8
2023-04-08,Manhattan,VMI,Away,L,8,6,NA,8,4,12,42,25,29,8,8,6,3,9,28,15,22,19,3,6,9,8,17
2023-04-12,Manhattan,LIU,Home,W,14,10,NA,14,10,24,42,22,28,12,8,10,5,15,36,22,34,19,9,10,12,14,8
2023-04-15,Manhattan,Siena,Home,W,6,10,NA,6,4,10,37,14,20,20,4,10,7,17,36,22,31,14,13,10,12,6,8
2023-04-22,Manhattan,Wagner,Away,L,6,2,NA,6,2,8,44,22,14,13,5,2,1,3,24,10,11,14,4,2,8,6,16
2023-05-04,Manhattan,Siena,Home,W,8,11,NA,8,7,15,38,20,32,19,5,11,6,17,33,20,34,12,13,11,9,8,12
2023-02-04,Marist,Rutgers,Away,L,8,20,NA,8,4,12,31,20,26,14,4,20,11,31,66,33,44,13,9,20,13,8,12
2023-02-11,Marist,Binghamton,Home,L,11,18,NA,11,5,16,42,25,32,15,12,18,10,28,48,28,45,18,11,18,10,11,14
2023-02-18,Marist,Jacksonville,Away,L,5,13,NA,5,2,7,34,23,35,22,5,13,8,21,37,26,31,13,18,13,13,5,18
2023-02-26,Marist,Bellarmine,Home,L,10,13,NA,10,6,16,43,20,36,12,6,13,9,22,47,27,37,13,8,13,14,10,10
2023-03-04,Marist,Bucknell,Away,L,14,11,NA,14,7,21,39,24,34,24,12,11,5,16,44,20,27,21,14,11,9,14,10
2023-03-11,Marist,Wagner,Home,L,16,7,NA,16,9,25,42,27,34,17,9,7,1,8,39,18,26,16,4,7,11,16,11
2023-03-18,Marist,Canisius,Away,W,16,18,NA,16,6,22,45,31,37,9,3,18,6,24,51,29,44,13,4,18,11,16,15
2023-03-25,Marist,Quinnipiac,Away,W,12,14,NA,12,7,19,45,25,26,16,8,14,9,23,37,24,28,18,6,14,10,12,13
2023-03-29,Marist,Sacred Heart,Home,L,13,9,NA,13,8,21,41,25,40,14,10,9,6,15,35,19,26,22,5,9,10,13,12
2023-04-01,Marist,Manhattan,Away,W,10,9,NA,10,6,16,27,15,18,12,8,9,7,16,39,17,31,20,9,9,8,10,5
2023-04-08,Marist,Mount St. Mary's,Home,W,9,12,NA,9,6,15,53,23,30,15,11,12,6,18,35,19,32,18,7,12,7,9,14
2023-04-12,Marist,Siena,Away,L,14,11,NA,14,5,19,46,27,39,16,9,11,8,19,51,26,40,17,10,11,15,14,13
2023-04-15,Marist,LIU,Away,L,16,10,NA,16,13,29,45,24,31,14,7,10,5,15,50,25,35,12,11,10,15,16,8
2023-04-22,Marist,VMI,Home,L,18,7,NA,18,8,26,45,33,37,17,6,7,3,10,47,24,41,17,9,7,17,18,15
2023-04-29,Marist,Quinnipiac,Home,W,29,19,NA,29,17,46,56,40,54,12,14,19,12,31,38,25,35,17,6,19,6,29,11
2023-05-04,Marist,"Mount St. Mary's Riverdale, N.Y.",Away,W,19,7,NA,19,12,31,40,27,30,12,8,7,4,11,53,26,39,13,9,7,19,19,8
2023-05-06,Marist,"Siena Riverdale, N.Y.",Away,W,12,7,NA,12,6,18,43,22,28,13,5,7,3,10,45,19,31,11,9,7,12,12,10
2023-05-10,Marist,Delaware,Away,W,10,25,NA,10,5,15,25,19,27,16,3,25,13,38,64,37,40,6,9,25,12,10,9
2023-02-04,Marquette,Lindenwood,Home,L,17,2,NA,17,9,26,40,24,37,22,7,2,1,3,30,12,22,20,8,2,10,17,7
2023-02-11,Marquette,Utah,Away,W,16,18,NA,16,6,22,33,26,27,17,8,18,12,30,50,28,35,17,7,18,10,16,10
2023-02-15,Marquette,Notre Dame,Away,W,10,21,NA,10,8,18,31,20,23,18,6,21,14,35,53,31,37,14,10,21,10,10,10
2023-02-25,Marquette,"Michigan Naples, Fla.",Away,W,14,9,NA,14,5,19,37,27,30,15,10,9,6,15,33,18,28,19,9,9,9,14,13
2023-03-01,Marquette,Detroit Mercy,Away,W,10,5,NA,10,5,15,48,26,26,14,9,5,2,7,46,23,28,17,8,5,18,10,16
2023-03-11,Marquette,Bellarmine,Home,L,10,11,NA,10,3,13,34,17,25,17,7,11,9,20,34,20,25,17,7,11,9,10,7
2023-03-18,Marquette,"Penn St. Levittown,N.Y",Away,L,12,11,NA,12,6,18,34,23,34,20,8,11,7,18,38,20,28,17,7,11,9,12,11
2023-03-25,Marquette,St. Bonaventure,Home,W,9,5,NA,9,4,13,48,22,33,16,4,5,1,6,29,15,20,13,6,5,10,9,13
2023-04-01,Marquette,Providence,Away,W,14,16,NA,14,7,21,53,33,35,7,5,16,9,25,38,25,26,15,4,16,9,14,19
2023-04-08,Marquette,St. John's (NY),Home,W,20,10,NA,20,8,28,51,36,43,20,9,10,5,15,39,19,26,21,5,10,9,20,16
2023-04-11,Marquette,Cornell,Away,W,11,21,NA,11,6,17,41,24,33,16,6,21,12,33,50,31,39,11,11,21,10,11,13
2023-04-15,Marquette,Georgetown,Home,L,14,15,1,14,7,21,41,21,30,16,2,15,11,26,43,30,27,10,5,15,15,14,7
2023-04-22,Marquette,Villanova,Away,W,15,16,1,15,6,21,25,21,23,15,5,16,6,22,51,27,38,12,9,16,11,15,6
2023-04-28,Marquette,Denver,Home,L,14,15,1,14,8,22,31,21,20,13,6,15,6,21,44,30,28,12,8,15,15,14,7
2023-02-04,Maryland,Richmond,Home,L,15,4,NA,15,11,26,34,24,35,16,12,4,1,5,42,19,30,16,7,4,15,15,9
2023-02-11,Maryland,Loyola Maryland,Away,L,7,12,NA,7,4,11,42,26,38,22,8,12,6,18,26,17,27,17,11,12,5,7,19
2023-02-18,Maryland,Syracuse,Home,W,15,12,NA,15,10,25,50,33,46,18,9,12,4,16,29,21,25,15,8,12,9,15,18
2023-02-25,Maryland,Princeton,Away,W,11,5,NA,11,9,20,45,27,32,16,12,5,4,9,38,19,23,16,8,5,14,11,16
2023-03-04,Maryland,Notre Dame,Home,L,12,13,3,12,9,21,55,26,46,20,9,13,4,17,39,25,31,14,11,13,12,12,14
2023-03-11,Maryland,UAlbany,Away,W,16,9,NA,16,11,27,45,26,42,13,6,9,2,11,41,22,41,12,7,9,13,16,10
2023-03-18,Maryland,Virginia,Away,L,14,13,1,14,6,20,48,29,37,13,8,13,9,22,47,28,39,16,8,13,15,14,15
2023-03-25,Maryland,Penn St.,Home,W,13,10,NA,13,8,21,51,26,38,15,8,10,5,15,32,19,18,11,6,10,9,13,13
2023-04-01,Maryland,Michigan,Home,L,11,16,NA,11,3,14,41,21,26,9,7,16,10,26,43,29,26,12,4,16,13,11,10
2023-04-07,Maryland,Ohio St.,Away,L,12,11,1,12,5,17,38,20,32,14,4,11,5,16,33,20,30,10,5,11,9,12,8
2023-04-16,Maryland,Rutgers,Away,W,11,8,NA,11,8,19,30,23,27,20,5,8,7,15,36,20,25,14,10,8,12,11,12
2023-04-22,Maryland,Johns Hopkins,Home,L,11,12,NA,11,6,17,33,17,33,18,12,12,6,18,36,20,37,18,11,12,8,11,6
2023-04-29,Maryland,Rutgers,Home,W,14,11,NA,14,13,27,36,27,36,19,6,11,6,17,32,21,21,9,7,11,10,14,13
2023-05-04,Maryland,Johns Hopkins,Away,W,14,9,NA,14,7,21,34,24,27,16,5,9,6,15,29,20,20,17,7,9,11,14,10
2023-05-06,Maryland,"Michigan Baltimore, MD",Away,L,5,14,NA,5,1,6,40,19,23,13,6,14,9,23,33,22,27,17,4,14,8,5,14
2023-05-13,Maryland,Army West Point,Home,L,15,16,NA,15,8,23,47,31,32,7,7,16,8,24,32,21,36,17,2,16,5,15,16
2023-02-11,Massachusetts,Army West Point,Home,L,10,8,NA,10,4,14,30,19,24,19,9,8,4,12,46,27,27,19,11,8,19,10,9
2023-02-17,Massachusetts,UMass Lowell,Away,W,11,3,NA,11,5,16,40,29,25,13,11,3,1,4,17,12,20,21,6,3,9,11,18
2023-02-25,Massachusetts,Boston U.,Home,W,6,12,NA,6,6,12,26,13,24,19,11,12,10,22,48,24,37,17,11,12,12,6,7
2023-03-03,Massachusetts,Yale,Home,W,9,18,NA,9,7,16,44,32,38,15,8,18,8,26,55,34,38,11,7,18,16,9,23
2023-03-07,Massachusetts,UAlbany,Away,L,9,6,NA,9,4,13,34,19,32,18,5,6,3,9,38,21,31,16,12,6,15,9,10
2023-03-11,Massachusetts,Vermont,Away,W,12,4,NA,12,6,18,34,20,17,16,6,4,2,6,40,20,18,12,7,4,16,12,8
2023-03-18,Massachusetts,Rutgers,Home,W,5,11,NA,5,1,6,32,17,22,16,7,11,5,16,53,31,36,12,7,11,20,5,12
2023-03-25,Massachusetts,Brown,Home,L,10,9,NA,10,6,16,41,26,32,21,12,9,6,15,32,18,28,23,13,9,9,10,16
2023-04-01,Massachusetts,High Point,Home,W,12,10,NA,12,7,19,36,22,36,19,12,10,5,15,51,24,32,15,8,10,14,12,10
2023-04-08,Massachusetts,Richmond,Away,W,12,13,NA,12,7,19,29,21,32,18,8,13,7,20,48,23,33,15,13,13,10,12,9
2023-04-15,Massachusetts,St. Bonaventure,Home,L,14,3,NA,14,9,23,66,36,34,9,8,3,1,4,20,13,22,16,5,3,10,14,22
2023-04-22,Massachusetts,Saint Joseph's,Away,W,10,11,NA,10,6,16,46,21,35,15,10,11,3,14,39,22,24,17,5,11,11,10,11
2023-04-28,Massachusetts,Hobart,Home,L,13,9,NA,13,6,19,42,23,40,15,4,9,5,14,41,25,26,8,6,9,16,13,10
2023-05-04,Massachusetts,Richmond,Away,L,8,15,NA,8,3,11,30,19,26,19,2,15,6,21,45,31,27,12,10,15,16,8,11
2023-02-04,Mercer,Bucknell,Away,L,6,20,NA,6,5,11,24,15,35,30,12,20,14,34,46,30,36,22,19,20,10,6,9
2023-02-10,Mercer,North Carolina,Away,L,3,25,NA,3,1,4,38,14,38,28,1,25,15,40,50,38,42,15,12,25,13,3,11
2023-02-18,Mercer,Holy Cross,Home,L,15,6,NA,15,11,26,49,33,28,13,14,6,2,8,26,14,21,25,8,6,8,15,18
2023-02-25,Mercer,Army West Point,Home,W,5,16,NA,5,3,8,24,13,25,15,6,16,12,28,47,31,33,11,5,16,15,5,8
2023-03-04,Mercer,Air Force,Home,W,8,14,NA,8,4,12,50,18,27,13,6,14,7,21,44,23,25,14,7,14,9,8,10
2023-03-07,Mercer,Richmond,Away,L,6,11,NA,6,4,10,28,16,26,20,8,11,6,17,32,23,26,16,10,11,12,6,10
2023-03-11,Mercer,UMBC,Away,L,8,13,NA,8,5,13,31,18,32,23,5,13,7,20,39,24,17,13,11,13,11,8,10
2023-03-18,Mercer,Detroit Mercy,Home,W,16,12,NA,16,6,22,55,33,41,12,3,12,7,19,37,20,22,7,7,12,8,16,17
2023-03-25,Mercer,Jacksonville,Away,W,15,18,NA,15,9,24,39,26,29,21,5,18,10,28,53,32,34,13,17,18,14,15,11
2023-03-29,Mercer,Bellarmine,Away,L,15,12,NA,15,10,25,44,27,31,12,5,12,9,21,42,26,21,9,6,12,14,15,12
2023-04-01,Mercer,Robert Morris,Home,W,9,8,NA,9,5,14,48,29,23,7,10,8,5,13,33,20,21,15,2,8,12,9,20
2023-04-08,Mercer,Cleveland St.,Home,W,8,11,NA,8,7,15,30,20,33,15,9,11,7,18,34,18,23,17,4,11,7,8,12
2023-04-15,Mercer,Utah,Away,W,12,22,NA,12,4,16,39,25,34,20,6,22,14,36,56,32,35,13,13,22,10,12,13
2023-04-22,Mercer,Queens (NC),Home,L,18,5,NA,18,11,29,51,35,23,16,11,5,2,7,31,14,21,22,7,5,9,18,17
2023-04-29,Mercer,Lindenwood,Away,W,12,8,NA,12,10,22,42,20,31,20,9,8,3,11,32,15,25,18,9,8,7,12,8
2023-05-02,Mercer,"Bellarmine Moon Township, PA",Away,W,13,14,NA,13,7,20,40,25,30,14,10,14,7,21,40,21,31,13,8,14,7,13,12
2023-02-05,Merrimack,Hofstra,Home,L,10,7,NA,10,8,18,30,21,23,16,6,7,4,11,44,16,41,26,9,7,9,10,11
2023-02-08,Merrimack,Holy Cross,Home,L,14,9,NA,14,5,19,40,25,45,22,6,9,5,14,36,20,34,17,6,9,11,14,11
2023-02-11,Merrimack,LIU,Home,L,15,9,NA,15,9,24,36,25,34,17,4,9,6,15,34,24,43,18,4,9,15,15,10
2023-02-18,Merrimack,Dartmouth,Home,L,10,11,NA,10,4,14,26,20,34,20,13,11,7,18,33,19,46,27,11,11,8,10,10
2023-02-25,Merrimack,Denver,Away,L,9,13,NA,9,7,16,26,18,22,17,7,13,6,19,58,35,31,14,7,13,22,9,9
2023-03-05,Merrimack,Quinnipiac,Away,W,16,8,NA,16,9,25,41,30,23,11,6,8,7,15,46,26,25,16,3,8,18,16,14
2023-03-18,Merrimack,Binghamton,Home,W,7,14,NA,7,4,11,37,20,32,19,5,14,8,22,49,34,36,18,6,14,20,7,13
2023-03-25,Merrimack,UMBC,Away,L,5,15,NA,5,3,8,27,16,17,21,6,15,10,25,52,33,32,13,9,15,18,5,11
2023-04-01,Merrimack,Vermont,Home,W,8,13,NA,8,5,13,35,16,21,22,25,13,8,21,33,20,31,27,20,13,7,8,8
2023-04-08,Merrimack,NJIT,Home,W,15,12,NA,15,3,18,44,27,33,15,10,12,7,19,34,21,29,24,7,12,9,15,12
2023-04-14,Merrimack,UMass Lowell,Away,L,13,10,NA,13,11,24,38,21,26,16,5,10,3,13,29,19,24,14,8,10,9,13,8
2023-04-23,Merrimack,UAlbany,Away,W,11,13,NA,11,5,16,39,21,35,13,9,13,8,21,48,21,42,22,6,13,8,11,10
2023-04-29,Merrimack,Bryant,Home,L,12,9,NA,12,7,19,41,24,40,22,12,9,6,15,30,21,38,23,5,9,12,12,12
2023-05-07,Merrimack,"Duke Bethpage, N.Y.",Away,L,2,14,NA,2,1,3,32,9,33,26,11,14,10,24,50,31,40,19,11,14,17,2,7
2023-02-11,Michigan,Virginia,Away,W,13,17,NA,13,6,19,36,29,34,15,7,17,11,28,44,26,38,11,10,17,9,13,16
2023-02-18,Michigan,Hofstra,Home,W,11,10,NA,11,8,19,38,26,29,14,9,10,6,16,38,22,20,12,8,10,12,11,15
2023-02-21,Michigan,Canisius,Home,L,19,8,NA,19,11,30,49,35,32,9,10,8,5,13,34,14,21,14,4,8,6,19,16
2023-02-25,Michigan,"Marquette Naples, Fla.",Away,L,9,14,NA,9,6,15,33,18,28,19,9,14,5,19,37,27,30,15,10,14,13,9,9
2023-03-04,Michigan,Delaware,Away,L,16,12,NA,16,8,24,38,23,26,14,7,12,8,20,44,24,30,13,7,12,12,16,7
2023-03-11,Michigan,Harvard,Away,L,19,13,NA,19,10,29,43,30,45,23,7,13,5,18,45,30,35,13,9,13,17,19,11
2023-03-18,Michigan,Notre Dame,Home,W,8,18,NA,8,6,14,40,23,27,14,6,18,8,26,45,25,29,10,7,18,7,8,15
2023-03-25,Michigan,Johns Hopkins,Home,L,11,15,NA,11,9,20,32,18,27,20,4,15,7,22,43,23,34,16,10,15,8,11,7
2023-04-01,Michigan,Maryland,Away,L,16,11,NA,16,10,26,43,29,26,12,4,11,3,14,41,21,26,9,7,11,10,16,13
2023-04-07,Michigan,Rutgers,Away,W,12,13,1,12,8,20,32,23,33,16,2,13,4,17,47,27,26,6,12,13,14,12,11
2023-04-16,Michigan,Penn St.,Home,W,9,11,NA,9,4,13,46,26,33,13,10,11,6,17,39,19,23,15,5,11,8,9,17
2023-04-21,Michigan,Ohio St.,Home,W,19,14,NA,19,8,27,49,34,47,11,1,14,4,18,34,20,18,9,6,14,6,19,15
2023-04-29,Michigan,Ohio St.,Home,W,14,10,NA,14,9,23,40,21,28,12,4,10,3,13,45,24,31,7,7,10,14,14,7
2023-05-04,Michigan,"Penn St. Baltimore, MD",Away,L,17,15,NA,17,7,24,53,35,37,15,4,15,8,23,42,28,19,11,5,15,13,17,18
2023-05-06,Michigan,"Maryland Baltimore, MD",Away,W,14,5,NA,14,9,23,33,22,27,17,4,5,1,6,40,19,23,13,6,5,14,14,8
2023-05-14,Michigan,Cornell,Away,L,15,14,1,15,6,21,41,26,28,13,7,14,3,17,46,30,29,10,8,14,16,15,11
2023-05-20,Michigan,"Duke Albany, N.Y.",Away,L,8,15,NA,8,5,13,38,22,27,18,3,15,4,19,36,25,31,15,12,15,10,8,14
2023-02-18,Monmouth,Princeton,Away,L,9,22,NA,9,3,12,37,20,30,11,4,22,14,36,55,36,32,11,6,22,14,9,11
2023-02-21,Monmouth,NJIT,Home,L,14,9,NA,14,3,17,44,25,40,17,15,9,3,12,27,15,32,23,7,9,6,14,11
2023-02-25,Monmouth,LIU,Away,W,10,6,NA,10,8,18,35,19,32,14,2,6,3,9,30,15,15,13,7,6,9,10,9
2023-02-28,Monmouth,Wagner,Away,L,9,4,NA,9,5,14,35,26,22,8,3,4,2,6,34,16,15,11,5,4,12,9,17
2023-03-04,Monmouth,Mount St. Mary's,Away,L,8,7,1,8,4,12,38,20,40,13,8,7,5,12,38,19,27,16,7,7,12,8,12
2023-03-11,Monmouth,Delaware,Away,L,6,18,NA,6,4,10,29,14,25,19,3,18,10,28,43,25,31,10,9,18,7,6,8
2023-03-18,Monmouth,Villanova,Home,W,6,10,NA,6,5,11,30,19,30,15,9,10,8,18,38,19,32,16,11,10,9,6,13
2023-03-25,Monmouth,Stony Brook,Home,L,12,15,NA,12,8,20,32,21,30,16,6,15,9,24,46,26,34,10,7,15,11,12,9
2023-04-01,Monmouth,Hofstra,Home,W,6,12,NA,6,2,8,39,21,26,13,6,12,7,19,41,23,31,12,6,12,11,6,15
2023-04-04,Monmouth,Saint Joseph's,Home,W,3,13,NA,3,1,4,33,15,26,20,11,13,7,20,38,20,34,21,12,13,7,3,12
2023-04-08,Monmouth,Hampton,Away,W,14,6,NA,14,9,23,48,29,39,18,12,6,2,8,33,21,21,16,9,6,15,14,15
2023-04-15,Monmouth,Fairfield,Away,W,14,15,NA,14,7,21,44,28,31,18,6,15,8,23,47,24,33,17,11,15,9,14,14
2023-04-22,Monmouth,Towson,Home,L,11,15,NA,11,7,18,34,20,37,16,6,15,8,23,46,28,31,11,7,15,13,11,9
2023-04-28,Monmouth,Drexel,Away,L,7,16,NA,7,4,11,35,16,30,23,5,16,13,29,49,30,38,14,12,16,14,7,9
2023-02-04,Mount St. Mary's,Navy,Away,L,7,13,NA,7,5,12,28,20,28,25,4,13,5,18,53,24,32,15,9,13,11,7,13
2023-02-11,Mount St. Mary's,Towson,Home,W,7,20,NA,7,5,12,37,18,32,15,11,20,12,32,48,30,34,14,6,20,10,7,11
2023-02-15,Mount St. Mary's,Delaware,Home,W,6,15,NA,6,2,8,23,11,36,27,16,15,11,26,44,31,34,22,14,15,16,6,5
2023-02-18,Mount St. Mary's,NJIT,Away,L,13,10,NA,13,7,20,55,31,29,14,7,10,6,16,42,25,25,13,6,10,15,13,18
2023-02-24,Mount St. Mary's,UMBC,Away,L,6,16,NA,6,4,10,24,15,19,19,2,16,3,19,41,24,20,13,4,16,8,6,9
2023-03-04,Mount St. Mary's,Monmouth,Home,L,7,8,1,7,5,12,38,19,27,16,7,8,4,12,38,20,40,13,8,8,12,7,12
2023-03-11,Mount St. Mary's,Manhattan,Home,L,3,9,NA,3,1,4,36,15,34,17,15,9,4,13,22,14,27,23,10,9,5,3,12
2023-03-18,Mount St. Mary's,LIU,Home,W,16,13,NA,16,11,27,47,29,50,17,10,13,7,20,37,21,32,20,8,13,8,16,13
2023-03-25,Mount St. Mary's,Wagner,Away,W,10,7,NA,10,6,16,42,21,24,19,14,7,3,10,24,15,17,23,7,7,8,10,11
2023-03-29,Mount St. Mary's,VMI,Away,W,20,5,NA,20,11,31,53,39,47,16,9,5,2,7,29,10,17,20,6,5,5,20,19
2023-04-01,Mount St. Mary's,Quinnipiac,Home,W,18,11,NA,18,12,30,51,26,44,19,11,11,8,19,32,18,26,18,10,11,7,18,8
2023-04-08,Mount St. Mary's,Marist,Away,W,12,9,NA,12,6,18,35,19,32,18,7,9,6,15,53,23,30,15,11,9,14,12,7
2023-04-12,Mount St. Mary's,Canisius,Home,W,15,13,NA,15,8,23,44,26,42,15,17,13,7,20,39,25,34,23,9,13,12,15,11
2023-04-15,Mount St. Mary's,Sacred Heart,Away,L,13,12,NA,13,11,24,55,25,38,17,8,12,7,19,32,18,27,16,7,12,6,13,12
2023-04-22,Mount St. Mary's,Siena,Away,W,12,13,NA,12,3,15,47,25,40,18,8,13,10,23,41,23,35,12,11,13,10,12,13
2023-05-04,Mount St. Mary's,"Marist Riverdale, N.Y.",Away,L,7,19,NA,7,4,11,53,26,39,13,9,19,12,31,40,27,30,12,8,19,8,7,19
2023-02-11,NJIT,Siena,Away,W,11,12,NA,11,5,16,36,18,32,24,3,12,7,19,59,32,35,15,10,12,20,11,7
2023-02-18,NJIT,Mount St. Mary's,Home,L,10,13,NA,10,6,16,42,25,25,13,6,13,7,20,55,31,29,14,7,13,18,10,15
2023-02-21,NJIT,Monmouth,Away,L,9,14,NA,9,3,12,27,15,32,23,7,14,3,17,44,25,40,17,15,14,11,9,6
2023-02-25,NJIT,Manhattan,Away,L,8,11,NA,8,2,10,33,17,24,17,4,11,8,19,39,27,33,16,7,11,16,8,9
2023-03-04,NJIT,Wagner,Home,L,10,8,NA,10,6,16,39,29,34,17,9,8,2,10,41,20,15,19,4,8,12,10,19
2023-03-11,NJIT,Lindenwood,Home,W,14,13,NA,14,10,24,46,26,30,23,10,13,7,20,60,31,31,12,15,13,18,14,12
2023-03-18,NJIT,Vermont,Home,L,10,16,NA,10,5,15,27,20,22,20,9,16,13,29,51,29,29,15,9,16,13,10,10
2023-03-25,NJIT,Binghamton,Away,W,16,17,NA,16,11,27,42,33,27,16,11,17,9,26,47,28,37,15,8,17,11,16,17
2023-04-01,NJIT,Bryant,Home,W,8,16,NA,8,7,15,37,25,25,27,8,16,7,23,51,34,42,17,17,16,18,8,17
2023-04-08,NJIT,Merrimack,Away,W,12,15,NA,12,7,19,34,21,29,24,7,15,3,18,44,27,33,15,10,15,12,12,9
2023-04-15,NJIT,UAlbany,Away,L,7,13,NA,7,3,10,31,16,37,21,4,13,5,18,51,29,37,18,10,13,16,7,9
2023-04-22,NJIT,UMBC,Home,L,10,12,NA,10,4,14,43,21,16,20,6,12,6,18,36,26,28,12,9,12,14,10,11
2023-04-29,NJIT,UMass Lowell,Away,L,11,10,1,11,2,13,44,21,30,20,9,10,4,14,40,23,26,14,6,10,13,11,10
2023-02-04,Navy,Mount St. Mary's,Home,L,13,7,NA,13,5,18,53,24,32,15,9,7,5,12,28,20,28,25,4,7,13,13,11
2023-02-05,Navy,Queens (NC),Home,L,19,5,NA,19,11,30,55,28,45,21,9,5,4,9,32,14,31,22,8,5,9,19,9
2023-02-11,Navy,Hofstra,Away,L,13,12,NA,13,8,21,33,23,17,14,2,12,6,18,43,26,37,14,7,12,14,13,10
2023-02-18,Navy,Manhattan,Home,L,5,6,NA,5,1,6,47,27,35,8,5,6,4,10,31,16,22,16,1,6,10,5,22
2023-02-25,Navy,High Point,Away,W,13,14,NA,13,10,23,44,23,37,18,8,14,6,20,40,20,26,18,9,14,6,13,10
2023-03-04,Navy,Lehigh,Home,L,10,13,NA,10,6,16,54,26,29,18,12,13,10,23,38,23,31,19,7,13,10,10,16
2023-03-11,Navy,Colgate,Away,L,8,17,NA,8,4,12,49,29,26,16,5,17,7,24,39,21,24,16,7,17,4,8,21
2023-03-17,Navy,Johns Hopkins,Home,W,9,12,NA,9,6,15,38,22,29,16,4,12,8,20,39,25,27,20,5,12,13,9,13
2023-03-21,Navy,Villanova,Away,L,6,17,NA,6,2,8,35,18,28,19,9,17,13,30,44,26,28,17,8,17,9,6,12
2023-03-25,Navy,Holy Cross,Away,W,13,8,NA,13,7,20,58,31,36,18,10,8,5,13,28,20,24,19,4,8,12,13,18
2023-03-31,Navy,Boston U.,Home,L,10,8,NA,10,8,18,41,28,44,13,7,8,6,14,42,19,29,17,6,8,11,10,18
2023-04-07,Navy,Loyola Maryland,Away,L,11,10,NA,11,10,21,45,21,31,17,9,10,4,14,54,33,42,16,11,10,23,11,10
2023-04-15,Navy,Lafayette,Home,W,9,6,NA,9,5,14,49,21,31,9,4,6,2,8,32,12,24,11,3,6,6,9,12
2023-04-22,Navy,Army West Point,Home,W,6,11,NA,6,4,10,34,16,26,14,7,11,4,15,39,26,38,14,7,11,15,6,10
2023-04-28,Navy,Bucknell,Away,W,12,9,NA,12,7,19,49,23,41,22,10,9,5,14,37,23,25,15,8,9,14,12,11
2023-05-02,Navy,Loyola Maryland,Home,W,7,12,NA,7,6,13,43,25,34,17,5,12,6,18,37,23,30,12,6,12,11,7,18
2023-02-10,North Carolina,Mercer,Home,L,25,3,NA,25,15,40,50,38,42,15,12,3,1,4,38,14,38,28,1,3,11,25,13
2023-02-14,North Carolina,Johns Hopkins,Away,W,11,7,NA,11,6,17,44,26,35,18,7,7,3,10,32,21,31,17,8,7,14,11,15
2023-02-19,North Carolina,Ohio St.,Away,W,5,8,NA,5,1,6,42,17,25,16,9,8,4,12,32,21,24,16,4,8,13,5,12
2023-02-25,North Carolina,Syracuse,Away,L,19,13,NA,19,10,29,50,36,36,12,8,13,9,22,41,25,22,12,8,13,12,19,17
2023-03-04,North Carolina,Denver,Home,L,8,9,NA,8,6,14,32,15,26,19,10,9,3,12,31,17,29,21,4,9,8,8,7
2023-03-11,North Carolina,Brown,Home,L,19,6,NA,19,13,32,53,34,37,16,13,6,0,6,42,16,33,19,4,6,10,19,15
2023-03-17,North Carolina,Duke,Away,L,8,15,NA,8,2,10,33,22,32,15,7,15,8,23,39,23,35,22,6,15,8,8,14
2023-03-19,North Carolina,Dartmouth,Home,L,25,7,NA,25,22,47,47,35,41,12,13,7,4,11,25,14,29,29,1,7,7,25,10
2023-03-22,North Carolina,High Point,Home,L,16,9,NA,16,9,25,40,33,40,15,14,9,4,13,42,23,35,23,7,9,14,16,17
2023-03-25,North Carolina,Providence,Home,L,25,8,NA,25,14,39,46,32,38,13,10,8,6,14,32,19,35,20,5,8,11,25,7
2023-04-07,North Carolina,Virginia,Home,L,12,19,NA,12,8,20,47,25,28,15,5,19,13,32,36,26,42,18,7,19,7,12,13
2023-04-15,North Carolina,Syracuse Good Counsel HS,Away,W,14,15,NA,14,6,20,50,27,49,18,15,15,7,22,36,23,35,16,12,15,8,14,13
2023-04-22,North Carolina,Notre Dame,Away,L,9,16,NA,9,6,15,47,26,28,18,4,16,9,25,48,25,30,10,13,16,9,9,17
2023-05-06,North Carolina,Notre Dame,Home,W,9,18,NA,9,6,15,41,23,31,19,5,18,11,29,51,30,41,12,12,18,12,9,14
2023-02-15,Notre Dame,Marquette,Home,W,21,10,NA,21,14,35,53,31,37,14,10,10,8,18,31,20,23,18,6,10,10,21,10
2023-02-19,Notre Dame,Cleveland St.,Home,L,18,8,NA,18,13,31,48,34,47,13,12,8,4,12,34,17,27,21,4,8,9,18,16
2023-02-25,Notre Dame,Georgetown,Away,W,15,8,NA,15,7,22,48,28,32,20,10,8,4,12,34,18,36,17,9,8,10,15,13
2023-03-04,Notre Dame,Maryland,Away,L,13,12,3,13,4,17,39,25,31,14,11,12,9,21,55,26,46,20,9,12,14,13,12
2023-03-11,Notre Dame,Ohio St.,Home,L,16,3,NA,16,9,25,43,30,37,11,14,3,1,4,32,17,24,20,5,3,14,16,14
2023-03-18,Notre Dame,Michigan,Away,W,18,8,NA,18,8,26,45,25,29,10,7,8,6,14,40,23,27,14,6,8,15,18,7
2023-03-25,Notre Dame,Virginia,Home,L,10,15,NA,10,6,16,45,24,27,16,12,15,10,25,49,28,33,17,10,15,13,10,14
2023-04-01,Notre Dame,Syracuse,Away,L,20,12,NA,20,10,30,45,32,33,12,5,12,6,18,43,23,19,9,5,12,11,20,12
2023-04-08,Notre Dame,Duke,Home,W,17,12,NA,17,10,27,39,27,33,9,8,12,6,18,41,27,34,14,6,12,15,17,10
2023-04-22,Notre Dame,North Carolina,Home,L,16,9,NA,16,9,25,48,25,30,10,13,9,6,15,47,26,28,18,4,9,17,16,9
2023-04-30,Notre Dame,Virginia,Away,L,8,12,NA,8,5,13,41,27,40,12,11,12,10,22,48,24,40,18,7,12,12,8,19
2023-05-06,Notre Dame,North Carolina,Away,W,18,9,NA,18,11,29,51,30,41,12,12,9,6,15,41,23,31,19,5,9,14,18,12
2023-05-13,Notre Dame,Utah,Home,L,20,7,NA,20,11,31,49,29,40,14,9,7,2,9,37,24,27,12,9,7,17,20,9
2023-05-21,Notre Dame,"Johns Hopkins Annapolis, Md.",Away,W,12,9,NA,12,6,18,43,18,25,16,6,9,5,14,31,19,27,14,4,9,10,12,6
2023-05-27,Notre Dame,"Virginia Philadelphia, Pa.",Away,L,13,12,1,13,4,17,49,30,42,10,7,12,6,18,37,23,30,15,8,12,11,13,17
2023-05-29,Notre Dame,"Duke Philadelphia, Pa.",Away,W,13,9,NA,13,6,19,40,23,37,14,8,9,4,13,47,27,36,11,11,9,18,13,10
2023-02-04,Ohio St.,Air Force,Home,L,15,7,NA,15,8,23,36,22,35,17,6,7,3,10,26,15,23,10,9,7,8,15,7
2023-02-11,Ohio St.,Cleveland St.,Home,W,19,12,NA,19,8,27,42,28,41,13,6,12,5,17,31,19,26,18,4,12,7,19,9
2023-02-19,Ohio St.,North Carolina,Home,W,8,5,NA,8,4,12,32,21,24,16,4,5,1,6,42,17,25,16,9,5,12,8,13
2023-02-25,Ohio St.,"Virginia Naples, Fla.",Away,L,6,17,NA,6,5,11,33,14,30,23,7,17,12,29,45,29,31,12,12,17,12,6,8
2023-03-04,Ohio St.,Cornell,Home,L,13,16,NA,13,7,20,39,21,32,21,5,16,8,24,60,31,36,12,14,16,15,13,8
2023-03-11,Ohio St.,Notre Dame,Away,L,3,16,NA,3,1,4,32,17,24,20,5,16,9,25,43,30,37,11,14,16,14,3,14
2023-03-14,Ohio St.,Detroit Mercy,Home,L,19,6,NA,19,11,30,52,31,31,15,9,6,3,9,26,10,26,18,5,6,4,19,12
2023-03-19,Ohio St.,Denver,Away,W,12,17,NA,12,7,19,37,20,26,15,5,17,10,27,38,28,30,13,7,17,11,12,8
2023-03-26,Ohio St.,Rutgers,Home,L,11,7,NA,11,6,17,37,18,29,14,5,7,4,11,43,24,23,10,7,7,17,11,7
2023-04-02,Ohio St.,Penn St.,Away,L,9,17,NA,9,5,14,30,21,30,19,9,17,10,27,41,26,40,18,12,17,9,9,12
2023-04-07,Ohio St.,Maryland,Home,L,11,12,1,11,5,16,33,20,30,10,5,12,5,17,38,20,32,14,4,12,8,11,9
2023-04-15,Ohio St.,Johns Hopkins,Away,L,8,17,NA,8,3,11,28,16,23,17,5,17,12,29,39,28,33,17,7,17,11,8,8
2023-04-21,Ohio St.,Michigan,Away,W,14,19,NA,14,4,18,34,20,18,9,6,19,8,27,49,34,47,11,1,19,15,14,6
2023-04-29,Ohio St.,Michigan,Away,W,10,14,NA,10,3,13,45,24,31,7,7,14,9,23,40,21,28,12,4,14,7,10,14
2023-02-18,Penn,Georgetown,Away,L,9,7,NA,9,6,15,39,22,18,17,7,7,4,11,37,25,27,16,9,7,18,9,13
2023-02-25,Penn,Duke,Home,L,12,14,NA,12,9,21,56,31,31,10,2,14,8,22,37,24,30,13,5,14,10,12,19
2023-03-04,Penn,Penn St.,Away,L,9,15,NA,9,5,14,36,18,22,10,5,15,3,18,53,31,40,9,5,15,16,9,9
2023-03-08,Penn,Saint Joseph's,Away,L,13,12,1,13,10,23,31,19,25,15,6,12,7,19,41,26,28,12,6,12,14,13,6
2023-03-11,Penn,Villanova,Home,L,8,9,NA,8,6,14,26,19,21,15,3,9,4,13,48,30,30,14,10,9,21,8,11
2023-03-18,Penn,Princeton,Home,W,9,8,1,9,5,14,47,26,27,17,4,8,5,13,39,18,31,15,10,8,10,9,17
2023-03-26,Penn,Cornell,Away,W,12,18,NA,12,4,16,32,24,31,11,7,18,8,26,41,26,37,16,5,18,8,12,12
2023-04-01,Penn,Yale,Home,W,17,16,NA,17,7,24,55,30,31,17,10,16,7,23,52,28,30,16,12,16,12,17,13
2023-04-08,Penn,Brown,Away,W,11,12,NA,11,8,19,41,23,32,14,6,12,8,20,41,24,32,8,7,12,12,11,12
2023-04-15,Penn,Harvard,Away,W,15,9,NA,15,11,26,34,26,40,20,9,9,5,14,46,25,33,16,11,9,16,15,11
2023-04-22,Penn,Dartmouth,Home,L,17,6,NA,17,12,29,45,25,25,14,9,6,5,11,30,21,29,19,9,6,15,17,8
2023-04-26,Penn,UAlbany,Away,L,14,11,NA,14,7,21,36,23,38,23,7,11,6,17,34,21,36,13,9,11,10,14,9
2023-05-05,Penn,Princeton Robert K Kraft Field,Away,W,8,9,NA,8,8,16,35,23,20,16,1,9,7,16,46,25,28,11,9,9,16,8,15
2023-02-04,Penn St.,Lafayette,Home,W,21,11,NA,21,13,34,50,36,46,21,14,11,3,14,43,32,38,20,8,11,21,21,15
2023-02-12,Penn St.,Villanova,Away,W,12,14,NA,12,8,20,45,30,39,24,7,14,8,22,42,26,33,13,14,14,12,12,18
2023-02-18,Penn St.,Stony Brook,Home,W,17,12,NA,17,11,28,39,26,30,19,10,12,3,15,35,21,29,19,5,12,9,17,9
2023-02-25,Penn St.,Yale,Away,L,13,11,NA,13,9,22,42,25,34,19,7,11,6,17,34,26,36,17,8,11,15,13,12
2023-03-04,Penn St.,Penn,Home,L,15,9,NA,15,3,18,53,31,40,9,5,9,5,14,36,18,22,10,5,9,9,15,16
2023-03-11,Penn St.,Cornell,Away,W,10,6,NA,10,8,18,51,31,26,12,8,6,2,8,41,22,34,16,4,6,16,10,21
2023-03-18,Penn St.,"Marquette Levittown,N.Y",Away,W,11,12,NA,11,7,18,38,20,28,17,7,12,6,18,34,23,34,20,8,12,11,11,9
2023-03-25,Penn St.,Maryland,Away,W,10,13,NA,10,5,15,32,19,18,11,6,13,8,21,51,26,38,15,8,13,13,10,9
2023-04-02,Penn St.,Ohio St.,Home,L,17,9,NA,17,10,27,41,26,40,18,12,9,5,14,30,21,30,19,9,9,12,17,9
2023-04-08,Penn St.,Johns Hopkins,Home,W,12,11,2,12,7,19,32,20,44,22,4,11,5,16,42,28,28,14,5,11,17,12,8
2023-04-16,Penn St.,Michigan,Away,W,11,9,NA,11,6,17,39,19,23,15,5,9,4,13,46,26,33,13,10,9,17,11,8
2023-04-21,Penn St.,Rutgers,Home,L,14,5,NA,14,9,23,35,22,24,20,8,5,3,8,46,23,35,14,10,5,18,14,8
2023-05-04,Penn St.,"Michigan Baltimore, MD",Away,W,15,17,NA,15,8,23,42,28,19,11,5,17,7,24,53,35,37,15,4,17,18,15,13
2023-05-14,Penn St.,Princeton,Home,W,13,12,NA,13,7,20,35,21,33,17,5,12,3,15,46,28,40,12,8,12,16,13,8
2023-05-21,Penn St.,"Army West Point Annapolis, Md.",Away,W,10,9,NA,10,5,15,27,18,37,18,6,9,2,11,43,20,39,17,8,9,11,10,8
2023-05-27,Penn St.,"Duke Philadelphia, Pa.",Away,W,15,16,1,15,13,28,29,21,32,17,7,16,6,22,41,28,33,15,8,16,12,15,6
2023-02-18,Princeton,Monmouth,Home,L,22,9,NA,22,14,36,55,36,32,11,6,9,3,12,37,20,30,11,4,9,11,22,14
2023-02-21,Princeton,Manhattan,Home,L,14,9,NA,14,8,22,46,31,35,13,7,9,7,16,36,22,33,16,5,9,13,14,17
2023-02-25,Princeton,Maryland,Home,W,5,11,NA,5,4,9,38,19,23,16,8,11,9,20,45,27,32,16,12,11,16,5,14
2023-03-04,Princeton,Georgetown,Home,L,10,13,NA,10,8,18,42,25,24,16,7,13,6,19,46,30,37,13,5,13,17,10,15
2023-03-11,Princeton,Rutgers,Away,W,13,14,1,13,8,21,38,26,29,15,7,14,9,23,53,29,38,12,10,14,15,13,13
2023-03-18,Princeton,Penn,Away,W,8,9,1,8,5,13,39,18,31,15,10,9,5,14,47,26,27,17,4,9,17,8,10
2023-03-25,Princeton,Yale,Home,W,23,10,NA,23,13,36,66,36,38,15,13,10,7,17,43,24,37,22,5,10,14,23,13
2023-04-01,Princeton,Brown,Home,W,16,12,NA,16,11,27,45,27,37,14,13,12,6,18,61,25,38,17,9,12,13,16,11
2023-04-08,Princeton,Syracuse,Home,L,13,16,NA,13,8,21,47,30,33,9,8,16,11,27,50,31,37,16,6,16,15,13,17
2023-04-15,Princeton,Dartmouth,Away,W,17,7,NA,17,13,30,52,37,36,11,9,7,4,11,34,23,34,15,6,7,16,17,20
2023-04-22,Princeton,Harvard,Home,W,17,11,NA,17,7,24,50,29,44,15,2,11,5,16,45,32,29,5,10,11,21,17,12
2023-04-29,Princeton,Cornell,Away,W,13,14,1,13,7,20,43,25,29,14,11,14,7,21,50,28,49,17,11,14,14,13,12
2023-05-05,Princeton,Penn Robert K Kraft Field,Away,L,9,8,NA,9,7,16,46,25,28,11,9,8,8,16,35,23,20,16,1,8,15,9,16
2023-05-07,Princeton,Yale Robert K Kraft Field,Away,L,19,10,NA,19,14,33,51,32,38,10,8,10,6,16,55,28,32,10,5,10,18,19,13
2023-05-14,Princeton,Penn St.,Away,W,12,13,NA,12,3,15,46,28,40,12,8,13,7,20,35,21,33,17,5,13,8,12,16
2023-02-05,Providence,Holy Cross,Home,L,12,9,NA,12,6,18,40,22,29,24,9,9,4,13,35,24,39,21,6,9,15,12,10
2023-02-11,Providence,Bryant,Away,W,14,15,NA,14,7,21,31,23,19,16,9,15,10,25,52,33,40,17,7,15,18,14,9
2023-02-18,Providence,Siena,Home,W,18,11,NA,18,8,26,37,30,28,13,4,11,6,17,49,28,34,11,5,11,17,18,12
2023-02-21,Providence,Brown,Away,L,7,13,NA,7,6,13,32,16,11,15,3,13,8,21,49,29,28,15,4,13,16,7,9
2023-02-25,Providence,Saint Joseph's,Away,L,6,19,NA,6,4,10,25,12,14,16,3,19,8,27,58,38,42,16,5,19,19,6,6
2023-03-04,Providence,Fairfield,Home,W,17,10,NA,17,8,25,47,33,30,13,4,10,4,14,34,15,30,21,4,10,5,17,16
2023-03-11,Providence,Stony Brook,Home,L,10,9,1,10,7,17,41,24,21,15,5,9,1,10,41,28,29,11,5,9,19,10,14
2023-03-18,Providence,"Hobart Sparks, Md.",Away,W,11,13,NA,11,6,17,36,23,24,24,4,13,3,16,57,26,26,12,6,13,13,11,12
2023-03-25,Providence,North Carolina,Away,L,8,25,NA,8,6,14,32,19,35,20,5,25,14,39,46,32,38,13,10,25,7,8,11
2023-04-01,Providence,Marquette,Home,W,16,14,NA,16,9,25,38,25,26,15,4,14,7,21,53,33,35,7,5,14,19,16,9
2023-04-08,Providence,Georgetown,Away,W,11,13,NA,11,6,17,28,15,27,14,5,13,8,21,56,36,61,12,9,13,23,11,4
2023-04-15,Providence,Villanova,Home,W,8,20,NA,8,6,14,34,22,31,16,5,20,13,33,45,35,38,14,4,20,15,8,14
2023-04-21,Providence,Denver,Away,L,6,13,NA,6,4,10,23,11,27,19,7,13,12,25,32,20,34,14,8,13,7,6,5
2023-04-29,Providence,St. John's (NY),Home,W,12,11,1,12,10,22,55,35,37,16,4,11,6,17,37,17,25,21,10,11,6,12,23
2023-05-04,Providence,"Georgetown Milwaukee, Wis.",Away,L,8,19,NA,8,1,9,40,24,24,14,9,19,13,32,40,27,36,16,4,19,8,8,16
2023-02-05,Queens (NC),Navy,Away,L,5,19,NA,5,4,9,32,14,31,22,8,19,11,30,55,28,45,21,9,19,9,5,9
2023-02-10,Queens (NC),VMI,Home,W,9,10,2,9,5,14,47,31,31,13,12,10,6,16,36,18,36,23,6,10,8,9,22
2023-02-19,Queens (NC),Hampton,Away,L,17,10,NA,17,11,28,33,30,49,23,24,10,7,17,37,15,47,30,15,10,5,17,13
2023-02-25,Queens (NC),"Wagner Towson, Md.",Away,L,9,13,NA,9,3,12,31,20,31,19,8,13,8,21,43,23,35,16,10,13,10,9,11
2023-03-07,Queens (NC),High Point,Away,L,6,22,NA,6,6,12,17,9,24,23,5,22,14,36,58,36,51,15,12,22,14,6,3
2023-03-18,Queens (NC),Air Force,Home,W,6,18,NA,6,3,9,21,11,34,28,11,18,7,25,39,25,38,20,10,18,7,6,5
2023-03-25,Queens (NC),Bellarmine,Away,W,12,24,NA,12,7,19,32,22,28,25,11,24,13,37,53,38,34,21,10,24,14,12,10
2023-03-29,Queens (NC),Lindenwood,Away,L,6,15,NA,6,5,11,40,19,25,24,5,15,7,22,57,28,43,20,10,15,13,6,13
2023-04-01,Queens (NC),Detroit Mercy,Home,W,9,5,NA,9,5,14,40,20,17,17,11,5,0,5,42,21,20,16,9,5,16,9,11
2023-04-08,Queens (NC),Jacksonville,Away,L,5,25,NA,5,3,8,22,14,19,14,2,25,20,45,80,51,50,10,11,25,26,5,9
2023-04-12,Queens (NC),Cleveland St.,Home,L,12,13,NA,12,7,19,33,22,25,19,6,13,6,19,36,27,28,14,9,13,14,12,10
2023-04-15,Queens (NC),Robert Morris,Home,L,10,14,NA,10,5,15,27,21,31,18,6,14,9,23,48,28,34,17,7,14,14,10,11
2023-04-22,Queens (NC),Mercer,Away,L,5,18,NA,5,2,7,31,14,21,22,7,18,11,29,51,35,23,16,11,18,17,5,9
2023-04-29,Queens (NC),Utah,Home,W,6,18,NA,6,4,10,31,19,28,18,8,18,9,27,65,39,41,14,12,18,21,6,13
2023-02-11,Quinnipiac,UMass Lowell,Home,W,21,12,NA,21,16,37,44,29,28,13,4,12,5,17,29,21,19,10,6,12,9,21,8
2023-02-18,Quinnipiac,Brown,Away,L,11,10,NA,11,7,18,39,23,26,22,4,10,8,18,48,31,30,14,10,10,21,11,12
2023-02-25,Quinnipiac,Bryant,Home,L,12,19,NA,12,6,18,43,27,35,22,6,19,6,25,50,37,39,11,9,19,18,12,15
2023-03-05,Quinnipiac,Merrimack,Home,W,8,16,NA,8,7,15,46,26,25,16,3,16,9,25,41,30,23,11,6,16,14,8,18
2023-03-11,Quinnipiac,Canisius,Home,W,13,12,NA,13,7,20,48,29,31,8,6,12,6,18,34,24,26,10,2,12,12,13,16
2023-03-18,Quinnipiac,Wagner,Away,W,11,12,3,11,5,16,39,23,16,18,8,12,5,17,48,28,17,11,7,12,16,11,12
2023-03-25,Quinnipiac,Marist,Home,W,14,12,NA,14,9,23,37,24,28,18,6,12,7,19,45,25,26,16,8,12,13,14,10
2023-03-29,Quinnipiac,Manhattan,Home,W,5,12,NA,5,2,7,30,13,24,17,2,12,7,19,37,27,23,10,4,12,15,5,8
2023-04-01,Quinnipiac,Mount St. Mary's,Away,W,11,18,NA,11,8,19,32,18,26,18,10,18,12,30,51,26,44,19,11,18,8,11,7
2023-04-08,Quinnipiac,Siena,Home,W,14,12,NA,14,7,21,48,29,36,16,6,12,7,19,46,29,22,13,4,12,17,14,15
2023-04-12,Quinnipiac,Sacred Heart,Away,W,11,13,NA,11,6,17,51,24,34,16,4,13,8,21,37,20,15,18,7,13,7,11,13
2023-04-15,Quinnipiac,VMI,Away,L,14,13,NA,14,8,22,46,28,26,12,1,13,9,22,42,25,21,8,8,13,12,14,14
2023-04-22,Quinnipiac,LIU,Home,W,19,13,NA,19,12,31,61,33,34,11,9,13,6,19,45,21,22,13,5,13,8,19,14
2023-04-29,Quinnipiac,Marist,Away,W,19,29,NA,19,12,31,38,25,35,17,6,29,17,46,56,40,54,12,14,29,11,19,6
2023-02-04,Richmond,Maryland,Away,L,4,15,NA,4,1,5,42,19,30,16,7,15,11,26,34,24,35,16,12,15,9,4,15
2023-02-18,Richmond,Bucknell,Home,L,18,5,NA,18,14,32,43,25,35,16,10,5,3,8,31,16,26,14,11,5,11,18,7
2023-02-24,Richmond,Towson,Home,L,10,7,NA,10,9,19,35,22,31,18,13,7,2,9,31,16,22,20,8,7,9,10,12
2023-02-26,Richmond,Fairfield,Home,L,10,8,NA,10,9,19,39,21,24,15,7,8,3,11,26,16,20,18,6,8,8,10,11
2023-03-04,Richmond,Virginia,Away,L,8,25,NA,8,4,12,28,18,24,15,8,25,14,39,51,33,53,15,5,25,8,8,10
2023-03-07,Richmond,Mercer,Home,L,11,6,NA,11,6,17,32,23,26,16,10,6,4,10,28,16,26,20,8,6,10,11,12
2023-03-11,Richmond,Georgetown,Away,W,12,13,NA,12,6,18,28,17,35,26,7,13,5,18,47,32,41,11,14,13,19,12,5
2023-03-25,Richmond,St. John's (NY),Away,W,11,8,NA,11,8,19,39,24,36,20,11,8,4,12,36,19,27,17,8,8,11,11,13
2023-04-01,Richmond,Saint Joseph's,Away,W,12,14,NA,12,7,19,45,25,27,12,9,14,5,19,41,24,32,17,5,14,10,12,13
2023-04-08,Richmond,Massachusetts,Home,W,13,12,NA,13,7,20,48,23,33,15,13,12,7,19,29,21,32,18,8,12,9,13,10
2023-04-15,Richmond,High Point,Home,L,13,9,NA,13,6,19,44,27,31,12,12,9,7,16,37,24,22,17,7,9,15,13,14
2023-04-22,Richmond,Hobart,Away,L,20,15,NA,20,14,34,51,32,41,13,9,15,8,23,47,32,28,14,4,15,17,20,12
2023-04-29,Richmond,St. Bonaventure,Home,W,26,10,NA,26,13,39,57,39,39,14,11,10,4,14,34,23,23,15,8,10,13,26,13
2023-05-04,Richmond,Massachusetts,Home,L,15,8,NA,15,6,21,45,31,27,12,10,8,3,11,30,19,26,19,2,8,11,15,16
2023-05-06,Richmond,High Point,Home,L,15,8,NA,15,6,21,40,24,24,13,7,8,5,13,33,23,28,20,3,8,15,15,9
2023-05-13,Richmond,Virginia,Away,L,8,17,NA,8,4,12,35,17,28,15,8,17,11,28,33,27,33,19,6,17,10,8,9
2023-02-11,Robert Morris,Bucknell,Away,W,12,9,NA,12,6,18,35,17,37,22,8,9,9,18,37,25,34,15,14,9,16,12,5
2023-02-21,Robert Morris,St. Bonaventure,Home,L,15,6,NA,15,11,26,46,22,35,17,10,6,4,10,30,20,23,19,6,6,14,15,7
2023-02-26,Robert Morris,Canisius,Away,W,13,8,NA,13,9,22,47,29,36,18,6,8,3,11,34,18,38,25,6,8,10,13,16
2023-03-04,Robert Morris,Hobart,Home,L,12,14,NA,12,8,20,39,21,20,9,4,14,7,21,45,22,21,13,2,14,8,12,9
2023-03-11,Robert Morris,High Point,Away,W,14,16,NA,14,8,22,37,26,26,11,9,16,10,26,49,28,42,16,7,16,12,14,12
2023-03-18,Robert Morris,Jacksonville,Home,W,6,12,NA,6,3,9,28,17,30,23,10,12,8,20,51,22,30,24,10,12,10,6,11
2023-03-25,Robert Morris,Cleveland St.,Home,L,11,6,NA,11,10,21,38,23,39,19,9,6,5,11,38,22,21,21,8,6,16,11,12
2023-03-29,Robert Morris,Detroit Mercy,Away,L,8,14,NA,8,7,15,30,16,29,21,5,14,5,19,47,27,33,11,9,14,13,8,8
2023-04-01,Robert Morris,Mercer,Away,W,8,9,NA,8,5,13,33,20,21,15,2,9,5,14,48,29,23,7,10,9,20,8,12
2023-04-08,Robert Morris,Utah,Home,L,16,26,NA,16,6,22,37,27,43,12,5,26,12,38,72,46,51,15,9,26,20,16,11
2023-04-12,Robert Morris,Bellarmine,Home,W,21,13,NA,21,16,37,59,41,40,11,8,13,6,19,37,21,21,13,4,13,8,21,20
2023-04-15,Robert Morris,Queens (NC),Away,L,14,10,NA,14,9,23,48,28,34,17,7,10,5,15,27,21,31,18,6,10,11,14,14
2023-04-22,Robert Morris,Lindenwood,Home,W,18,12,NA,18,12,30,56,36,58,24,13,12,5,17,29,21,26,19,10,12,9,18,18
2023-04-29,Robert Morris,Air Force,Away,L,5,13,NA,5,2,7,23,13,25,21,9,13,7,20,53,28,31,12,15,13,15,5,8
2023-05-02,Robert Morris,"Jacksonville Moon Township, Pa.",Away,L,9,8,NA,9,5,14,41,22,29,21,7,8,5,13,42,18,26,21,10,8,10,9,13
2023-05-05,Robert Morris,"Air Force Moon Township, Pa.",Away,L,4,12,NA,4,1,5,34,23,25,13,6,12,6,18,46,27,19,14,3,12,15,4,19
2023-02-04,Rutgers,Marist,Home,L,20,8,NA,20,11,31,66,33,44,13,9,8,4,12,31,20,26,14,4,8,12,20,13
2023-02-11,Rutgers,Stony Brook,Home,L,11,7,NA,11,4,15,49,34,33,12,13,7,6,13,32,14,26,21,4,7,7,11,23
2023-02-18,Rutgers,Army West Point,Away,W,13,14,NA,13,3,16,35,24,27,13,2,14,6,20,40,25,31,15,7,14,11,13,11
2023-02-25,Rutgers,Loyola Maryland,Home,L,10,6,NA,10,7,17,40,24,26,11,7,6,4,10,35,22,27,11,6,6,16,10,14
2023-02-28,Rutgers,St. John's (NY),Home,L,20,6,NA,20,15,35,48,33,38,9,6,6,3,9,28,17,31,17,3,6,11,20,13
2023-03-04,Rutgers,Utah,Home,W,18,14,NA,18,7,25,45,33,42,18,11,14,8,22,49,27,43,21,6,14,13,18,15
2023-03-11,Rutgers,Princeton,Home,W,14,13,1,14,9,23,53,29,38,12,10,13,8,21,38,26,29,15,7,13,13,14,15
2023-03-18,Rutgers,Massachusetts,Away,W,11,5,NA,11,5,16,53,31,36,12,7,5,1,6,32,17,22,16,7,5,12,11,20
2023-03-26,Rutgers,Ohio St.,Away,L,7,11,NA,7,4,11,43,24,23,10,7,11,6,17,37,18,29,14,5,11,7,7,17
2023-04-01,Rutgers,Johns Hopkins,Away,W,12,16,NA,12,5,17,48,26,37,14,6,16,8,24,38,25,25,14,9,16,9,12,14
2023-04-07,Rutgers,Michigan,Home,W,13,12,1,13,4,17,47,27,26,6,12,12,8,20,32,23,33,16,2,12,11,13,14
2023-04-16,Rutgers,Maryland,Home,W,8,11,NA,8,7,15,36,20,25,14,10,11,8,19,30,23,27,20,5,11,12,8,12
2023-04-21,Rutgers,Penn St.,Away,L,5,14,NA,5,3,8,46,23,35,14,10,14,9,23,35,22,24,20,8,14,8,5,18
2023-04-29,Rutgers,Maryland,Away,W,11,14,NA,11,6,17,32,21,21,9,7,14,13,27,36,27,36,19,6,14,13,11,10
2023-02-11,Sacred Heart,Saint Joseph's,Away,L,5,17,NA,5,2,7,21,10,23,17,8,17,6,23,50,32,37,14,10,17,15,5,5
2023-02-18,Sacred Heart,Lafayette,Away,L,8,15,NA,8,4,12,35,17,26,18,2,15,8,23,38,23,28,10,10,15,8,8,9
2023-02-22,Sacred Heart,Fairfield,Away,L,5,17,NA,5,1,6,23,14,22,20,3,17,11,28,47,32,38,18,9,17,15,5,9
2023-02-26,Sacred Heart,Stony Brook,Away,W,12,15,NA,12,6,18,36,20,28,18,8,15,9,24,41,33,30,13,8,15,18,12,8
2023-03-04,Sacred Heart,Drexel,Home,L,11,12,NA,11,7,18,38,27,25,16,7,12,7,19,39,29,23,13,8,12,17,11,16
2023-03-11,Sacred Heart,Siena,Away,L,8,11,NA,8,4,12,34,21,25,21,5,11,8,19,42,27,29,15,9,11,16,8,13
2023-03-18,Sacred Heart,Manhattan,Away,W,7,9,NA,7,3,10,25,13,21,15,3,9,4,13,43,18,23,12,11,9,9,7,6
2023-03-25,Sacred Heart,VMI,Home,L,16,4,NA,16,9,25,46,31,42,15,8,4,1,5,39,17,22,14,6,4,13,16,15
2023-03-29,Sacred Heart,Marist,Away,L,9,13,NA,9,6,15,35,19,26,22,5,13,8,21,41,25,40,14,10,13,12,9,10
2023-04-01,Sacred Heart,LIU,Home,L,10,9,NA,10,5,15,40,19,31,18,6,9,4,13,45,27,30,14,2,9,18,10,9
2023-04-08,Sacred Heart,Wagner,Away,W,13,9,NA,13,5,18,36,27,24,15,5,9,3,12,34,20,22,15,4,9,11,13,14
2023-04-12,Sacred Heart,Quinnipiac,Home,W,13,11,NA,13,8,21,37,20,15,18,7,11,6,17,51,24,34,16,4,11,13,13,7
2023-04-15,Sacred Heart,Mount St. Mary's,Home,L,12,13,NA,12,7,19,32,18,27,16,7,13,11,24,55,25,38,17,8,13,12,12,6
2023-04-22,Sacred Heart,Canisius,Home,L,15,8,NA,15,11,26,53,26,30,16,5,8,4,12,36,18,24,17,9,8,10,15,11
2023-04-29,Sacred Heart,Siena,Away,W,11,13,NA,11,7,18,24,14,21,20,6,13,6,19,46,26,33,9,11,13,13,11,3
2023-02-11,Saint Joseph's,Sacred Heart,Home,L,17,5,NA,17,6,23,50,32,37,14,10,5,2,7,21,10,23,17,8,5,5,17,15
2023-02-18,Saint Joseph's,Towson,Away,L,16,13,NA,16,8,24,40,25,34,15,6,13,9,22,37,20,27,17,9,13,7,16,9
2023-02-25,Saint Joseph's,Providence,Home,L,19,6,NA,19,8,27,58,38,42,16,5,6,4,10,25,12,14,16,3,6,6,19,19
2023-03-04,Saint Joseph's,Johns Hopkins,Away,W,14,15,NA,14,4,18,43,25,26,14,11,15,12,27,31,21,30,21,11,15,6,14,11
2023-03-08,Saint Joseph's,Penn,Home,L,12,13,1,12,7,19,41,26,28,12,6,13,10,23,31,19,25,15,6,13,6,12,14
2023-03-11,Saint Joseph's,"Drexel Philadelphia, Pa.",Away,W,16,18,NA,16,5,21,57,32,44,15,7,18,9,27,33,25,33,18,6,18,7,16,16
2023-03-18,Saint Joseph's,St. John's (NY),Away,L,16,10,NA,16,7,23,38,32,35,20,7,10,7,17,46,18,21,25,11,10,8,16,16
2023-03-25,Saint Joseph's,Duke,Home,W,9,12,NA,9,5,14,38,18,15,17,6,12,6,18,41,25,27,12,10,12,13,9,9
2023-04-01,Saint Joseph's,Richmond,Home,W,14,12,NA,14,5,19,41,24,32,17,5,12,7,19,45,25,27,12,9,12,13,14,10
2023-04-04,Saint Joseph's,Monmouth,Away,W,13,3,NA,13,7,20,38,20,34,21,12,3,1,4,33,15,26,20,11,3,12,13,7
2023-04-08,Saint Joseph's,St. Bonaventure,Away,W,18,9,NA,18,7,25,58,37,37,12,9,9,5,14,27,18,17,17,3,9,9,18,19
2023-04-15,Saint Joseph's,Hobart,Home,W,11,10,NA,11,6,17,50,24,28,15,4,10,7,17,41,19,22,12,4,10,9,11,13
2023-04-22,Saint Joseph's,Massachusetts,Home,W,11,10,NA,11,3,14,39,22,24,17,5,10,6,16,46,21,35,15,10,10,11,11,11
2023-04-29,Saint Joseph's,High Point,Away,L,17,11,NA,17,9,26,37,25,36,13,4,11,9,20,40,20,28,12,7,11,9,17,8
2023-05-04,Saint Joseph's,"High Point Richmond, Va.",Away,W,14,16,NA,14,4,18,41,24,34,16,8,16,12,28,45,28,35,17,10,16,12,14,10
2023-02-11,Siena,NJIT,Home,W,12,11,NA,12,7,19,59,32,35,15,10,11,5,16,36,18,32,24,3,11,7,12,20
2023-02-18,Siena,Providence,Away,W,11,18,NA,11,6,17,49,28,34,11,5,18,8,26,37,30,28,13,4,18,12,11,17
2023-02-26,Siena,UMass Lowell,Home,W,16,12,NA,16,9,25,50,29,26,10,5,12,6,18,31,22,26,15,5,12,10,16,13
2023-03-04,Siena,Dartmouth,Away,L,8,11,NA,8,6,14,26,17,27,17,14,11,4,15,37,24,37,21,9,11,13,8,9
2023-03-11,Siena,Sacred Heart,Home,L,11,8,NA,11,8,19,42,27,29,15,9,8,4,12,34,21,25,21,5,8,13,11,16
2023-03-18,Siena,VMI,Away,W,10,14,NA,10,6,16,38,23,28,14,13,14,6,20,44,24,31,21,12,14,10,10,13
2023-03-25,Siena,LIU,Away,W,11,13,NA,11,7,18,44,21,33,20,12,13,5,18,38,21,33,20,5,13,8,11,10
2023-03-29,Siena,Canisius,Away,W,10,9,1,10,3,13,49,25,34,19,8,9,4,13,42,29,41,24,5,9,20,10,15
2023-04-01,Siena,Wagner,Home,L,13,6,NA,13,10,23,45,30,30,8,13,6,3,9,38,20,37,20,1,6,14,13,17
2023-04-08,Siena,Quinnipiac,Away,W,12,14,NA,12,7,19,46,29,22,13,4,14,7,21,48,29,36,16,6,14,15,12,17
2023-04-12,Siena,Marist,Home,L,11,14,NA,11,8,19,51,26,40,17,10,14,5,19,46,27,39,16,9,14,13,11,15
2023-04-15,Siena,Manhattan,Away,W,10,6,NA,10,7,17,36,22,31,14,13,6,4,10,37,14,20,20,4,6,8,10,12
2023-04-22,Siena,Mount St. Mary's,Home,W,13,12,NA,13,10,23,41,23,35,12,11,12,3,15,47,25,40,18,8,12,13,13,10
2023-04-29,Siena,Sacred Heart,Home,W,13,11,NA,13,6,19,46,26,33,9,11,11,7,18,24,14,21,20,6,11,3,13,13
2023-05-04,Siena,Manhattan,Away,W,11,8,NA,11,6,17,33,20,34,12,13,8,7,15,38,20,32,19,5,8,12,11,9
2023-05-06,Siena,"Marist Riverdale, N.Y.",Away,L,7,12,NA,7,3,10,45,19,31,11,9,12,6,18,43,22,28,13,5,12,10,7,12
2023-02-11,St. Bonaventure,Bellarmine,Away,W,10,14,NA,10,5,15,30,16,30,21,8,14,6,20,51,25,35,15,17,14,11,10,6
2023-02-18,St. Bonaventure,Binghamton,Home,L,11,12,1,11,5,16,40,28,31,18,5,12,4,16,42,23,33,14,10,12,11,11,17
2023-02-21,St. Bonaventure,Robert Morris,Away,L,6,15,NA,6,4,10,30,20,23,19,6,15,11,26,46,22,35,17,10,15,7,6,14
2023-02-25,St. Bonaventure,VMI,Home,L,15,9,NA,15,10,25,40,24,32,20,9,9,5,14,36,23,24,16,11,9,14,15,9
2023-03-01,St. Bonaventure,UMBC,Away,L,4,13,NA,4,2,6,25,12,23,21,2,13,5,18,47,31,30,12,9,13,18,4,8
2023-03-11,St. Bonaventure,Cleveland St.,Home,W,6,13,NA,6,4,10,35,21,30,19,8,13,7,20,35,25,22,18,9,13,12,6,15
2023-03-14,St. Bonaventure,Canisius,Away,L,5,13,NA,5,2,7,36,19,26,21,7,13,7,20,52,26,37,19,10,13,13,5,14
2023-03-21,St. Bonaventure,Syracuse,Away,L,6,22,NA,6,2,8,37,19,30,15,6,22,14,36,39,26,32,11,10,22,4,6,13
2023-03-25,St. Bonaventure,Marquette,Away,W,5,9,NA,5,1,6,29,15,20,13,6,9,4,13,48,22,33,16,4,9,13,5,10
2023-04-01,St. Bonaventure,Hobart,Away,W,10,24,NA,10,5,15,40,20,35,14,11,24,13,37,53,31,40,15,7,24,7,10,10
2023-04-08,St. Bonaventure,Saint Joseph's,Home,W,9,18,NA,9,5,14,27,18,17,17,3,18,7,25,58,37,37,12,9,18,19,9,9
2023-04-15,St. Bonaventure,Massachusetts,Away,L,3,14,NA,3,1,4,20,13,22,16,5,14,9,23,66,36,34,9,8,14,22,3,10
2023-04-22,St. Bonaventure,High Point,Home,W,8,17,NA,8,6,14,46,25,29,20,9,17,13,30,45,27,35,18,11,17,10,8,17
2023-04-29,St. Bonaventure,Richmond,Away,W,10,26,NA,10,4,14,34,23,23,15,8,26,13,39,57,39,39,14,11,26,13,10,13
2023-02-11,St. John's (NY),"Manhattan West Islip, N.Y.",Away,W,5,9,NA,5,2,7,37,19,15,16,12,9,3,12,35,19,24,20,13,9,10,5,14
2023-02-18,St. John's (NY),Delaware,Away,L,9,16,NA,9,4,13,38,19,25,18,13,16,10,26,50,31,39,18,11,16,15,9,10
2023-02-25,St. John's (NY),Hofstra,Home,L,12,16,NA,12,8,20,44,21,17,17,12,16,10,26,49,30,37,18,8,16,14,12,9
2023-02-28,St. John's (NY),Rutgers,Away,L,6,20,NA,6,3,9,28,17,31,17,3,20,15,35,48,33,38,9,6,20,13,6,11
2023-03-04,St. John's (NY),Binghamton,Away,W,12,13,NA,12,8,20,42,22,30,14,10,13,8,21,38,26,31,18,5,13,13,12,10
2023-03-11,St. John's (NY),Jacksonville,Home,W,9,17,NA,9,5,14,37,19,24,24,12,17,15,32,52,34,45,22,20,17,17,9,10
2023-03-15,St. John's (NY),Stony Brook,Away,L,8,18,NA,8,3,11,38,21,34,22,10,18,7,25,50,30,55,28,6,18,12,8,13
2023-03-18,St. John's (NY),Saint Joseph's,Home,L,10,16,NA,10,7,17,46,18,21,25,11,16,7,23,38,32,35,20,7,16,16,10,8
2023-03-25,St. John's (NY),Richmond,Home,W,8,11,NA,8,4,12,36,19,27,17,8,11,8,19,39,24,36,20,11,11,13,8,11
2023-04-01,St. John's (NY),Villanova,Away,L,8,18,NA,8,6,14,27,18,28,23,4,18,10,28,65,38,40,16,12,18,20,8,10
2023-04-08,St. John's (NY),Marquette,Away,W,10,20,NA,10,5,15,39,19,26,21,5,20,8,28,51,36,43,20,9,20,16,10,9
2023-04-15,St. John's (NY),Denver,Home,L,10,12,NA,10,4,14,36,17,20,18,12,12,10,22,33,21,37,21,12,12,9,10,7
2023-04-22,St. John's (NY),Georgetown,Home,L,12,18,NA,12,6,18,35,24,24,13,6,18,15,33,48,31,48,13,6,18,13,12,12
2023-04-29,St. John's (NY),Providence,Away,W,11,12,1,11,6,17,37,17,25,21,10,12,10,22,55,35,37,16,4,12,23,11,6
2023-02-11,Stony Brook,Rutgers,Away,L,7,11,NA,7,6,13,32,14,26,21,4,11,4,15,49,34,33,12,13,11,23,7,7
2023-02-18,Stony Brook,Penn St.,Away,W,12,17,NA,12,3,15,35,21,29,19,5,17,11,28,39,26,30,19,10,17,9,12,9
2023-02-24,Stony Brook,Air Force,Home,L,15,8,NA,15,10,25,42,24,35,12,6,8,4,12,28,17,30,20,5,8,9,15,9
2023-02-26,Stony Brook,Sacred Heart,Home,W,15,12,NA,15,9,24,41,33,30,13,8,12,6,18,36,20,28,18,8,12,8,15,18
2023-03-04,Stony Brook,Brown,Home,L,12,17,NA,12,8,20,45,22,33,13,6,17,10,27,44,28,32,15,5,17,11,12,10
2023-03-11,Stony Brook,Providence,Away,L,9,10,1,9,1,10,41,28,29,11,5,10,7,17,41,24,21,15,5,10,14,9,19
2023-03-15,Stony Brook,St. John's (NY),Home,L,18,8,NA,18,7,25,50,30,55,28,6,8,3,11,38,21,34,22,10,8,13,18,12
2023-03-18,Stony Brook,Hampton,Away,W,19,3,NA,19,11,30,61,37,35,10,11,3,1,4,14,12,12,26,4,3,9,19,18
2023-03-25,Stony Brook,Monmouth,Away,L,15,12,NA,15,9,24,46,26,34,10,7,12,8,20,32,21,30,16,6,12,9,15,11
2023-04-01,Stony Brook,Towson,Home,W,13,12,NA,13,4,17,35,20,29,13,8,12,7,19,54,29,42,17,6,12,17,13,7
2023-04-08,Stony Brook,Drexel,Away,W,14,15,1,14,8,22,57,25,33,10,10,15,12,27,35,21,32,21,7,15,6,14,11
2023-04-15,Stony Brook,Delaware,Home,W,9,12,NA,9,5,14,43,19,33,21,4,12,4,16,43,27,30,10,11,12,15,9,10
2023-04-22,Stony Brook,Fairfield,Home,W,17,14,NA,17,9,26,50,30,35,14,5,14,6,20,47,29,48,13,7,14,15,17,13
2023-04-29,Stony Brook,Hofstra,Away,L,11,10,NA,11,7,18,30,20,23,12,7,10,5,15,45,21,38,17,5,10,11,11,9
2023-05-04,Stony Brook,"Drexel Newark, Del.",Away,L,13,10,NA,13,9,22,42,23,23,16,9,10,8,18,46,25,30,16,8,10,15,13,10
2023-05-06,Stony Brook,Delaware,Away,W,10,13,NA,10,5,15,41,24,25,16,4,13,6,19,44,27,27,9,11,13,14,10,14
2023-02-04,Syracuse,Vermont,Home,W,7,5,NA,7,5,12,44,23,27,18,11,5,2,7,35,18,29,21,8,5,13,7,16
2023-02-10,Syracuse,UAlbany,Home,L,20,7,NA,20,9,29,43,29,34,11,4,7,3,10,42,22,25,11,7,7,15,20,9
2023-02-12,Syracuse,Holy Cross,Home,L,15,6,NA,15,13,28,51,35,35,8,10,6,0,6,33,17,32,23,4,6,11,15,20
2023-02-18,Syracuse,Maryland,Away,W,12,15,NA,12,4,16,29,21,25,15,8,15,10,25,50,33,46,18,9,15,18,12,9
2023-02-25,Syracuse,North Carolina,Home,L,13,19,NA,13,9,22,41,25,22,12,8,19,10,29,50,36,36,12,8,19,17,13,12
2023-03-05,Syracuse,Duke,Home,L,13,14,1,13,8,21,32,24,27,12,8,14,5,19,66,36,44,14,7,14,22,13,11
2023-03-11,Syracuse,Johns Hopkins,Home,W,9,11,NA,9,6,15,42,30,24,13,11,11,6,17,40,23,27,15,6,11,12,9,21
2023-03-14,Syracuse,Hofstra,Away,W,16,8,NA,16,13,29,48,28,19,10,6,8,6,14,51,21,32,20,4,8,13,16,12
2023-03-21,Syracuse,St. Bonaventure,Home,L,22,6,NA,22,14,36,39,26,32,11,10,6,2,8,37,19,30,15,6,6,13,22,4
2023-03-25,Syracuse,Hobart,Home,L,18,7,NA,18,8,26,60,31,25,10,10,7,1,8,33,21,33,19,5,7,14,18,13
2023-04-01,Syracuse,Notre Dame,Home,L,12,20,NA,12,6,18,43,23,19,9,5,20,10,30,45,32,33,12,5,20,12,12,11
2023-04-08,Syracuse,Princeton,Away,L,16,13,NA,16,11,27,50,31,37,16,6,13,8,21,47,30,33,9,8,13,17,16,15
2023-04-15,Syracuse,North Carolina Good Counsel HS,Away,L,15,14,NA,15,7,22,36,23,35,16,12,14,6,20,50,27,49,18,15,14,13,15,8
2023-04-22,Syracuse,Virginia,Away,W,12,19,NA,12,9,21,37,22,35,15,11,19,14,33,60,34,43,14,10,19,15,12,10
2023-04-29,Syracuse,Duke,Away,W,15,18,NA,15,8,23,45,27,23,10,7,18,10,28,39,28,31,13,5,18,10,15,12
2023-02-11,Towson,Mount St. Mary's,Away,W,20,7,NA,20,12,32,48,30,34,14,6,7,5,12,37,18,32,15,11,7,11,20,10
2023-02-18,Towson,Saint Joseph's,Home,L,13,16,NA,13,9,22,37,20,27,17,9,16,8,24,40,25,34,15,6,16,9,13,7
2023-02-24,Towson,Richmond,Away,L,7,10,NA,7,2,9,31,16,22,20,8,10,9,19,35,22,31,18,13,10,12,7,9
2023-03-01,Towson,Loyola Maryland,Home,L,11,12,1,11,5,16,45,26,39,18,6,12,9,21,43,22,30,17,9,12,10,11,15
2023-03-05,Towson,UMBC,Away,W,4,8,NA,4,2,6,24,12,31,26,12,8,1,9,46,23,33,22,9,8,15,4,8
2023-03-11,Towson,Virginia,Away,W,12,19,NA,12,8,20,43,22,40,20,5,19,14,33,60,39,46,10,13,19,20,12,10
2023-03-18,Towson,Drexel,Home,L,11,12,1,11,6,17,49,26,30,16,9,12,4,16,42,19,30,19,6,12,7,11,15
2023-03-25,Towson,Fairfield,Home,L,11,7,NA,11,8,19,37,21,48,23,15,7,3,10,32,22,33,22,10,7,15,11,10
2023-04-01,Towson,Stony Brook,Away,W,12,13,NA,12,7,19,54,29,42,17,6,13,4,17,35,20,29,13,8,13,7,12,17
2023-04-08,Towson,Hofstra,Away,W,10,8,NA,10,8,18,43,19,26,21,3,8,4,12,42,28,28,11,9,8,20,10,9
2023-04-13,Towson,Denver,Home,L,10,12,NA,10,3,13,39,20,30,14,8,12,9,21,32,19,28,12,8,12,7,10,10
2023-04-15,Towson,Hampton,Home,W,20,1,NA,20,14,34,54,30,40,10,14,1,0,1,10,5,29,25,6,1,4,20,10
2023-04-22,Towson,Monmouth,Away,L,15,11,NA,15,8,23,46,28,31,11,7,11,7,18,34,20,37,16,6,11,9,15,13
2023-04-29,Towson,Delaware,Home,W,15,10,NA,15,6,21,47,23,36,21,11,10,6,16,35,24,30,15,12,10,14,15,8
2023-05-04,Towson,Delaware,Away,L,8,11,NA,8,7,15,38,18,32,14,12,11,6,17,40,18,32,17,8,11,7,8,10
2023-02-10,UAlbany,Syracuse,Away,L,7,20,NA,7,3,10,42,22,25,11,7,20,9,29,43,29,34,11,4,20,9,7,15
2023-02-18,UAlbany,Cornell,Home,L,10,12,NA,10,5,15,46,21,28,14,9,12,3,15,39,17,38,19,8,12,5,10,11
2023-02-25,UAlbany,Drexel,Home,L,11,7,NA,11,3,14,36,19,25,18,9,7,5,12,31,13,18,23,6,7,6,11,8
2023-03-07,UAlbany,Massachusetts,Home,L,6,9,NA,6,3,9,38,21,31,16,12,9,4,13,34,19,32,18,5,9,10,6,15
2023-03-11,UAlbany,Maryland,Home,W,9,16,NA,9,2,11,41,22,41,12,7,16,11,27,45,26,42,13,6,16,10,9,13
2023-03-18,UAlbany,UMass Lowell,Home,L,15,7,NA,15,10,25,52,34,36,10,11,7,4,11,25,16,32,17,5,7,9,15,19
2023-03-25,UAlbany,Vermont,Away,L,7,14,NA,7,6,13,28,17,13,16,10,14,9,23,35,25,28,20,6,14,11,7,10
2023-04-01,UAlbany,UMBC,Home,L,12,6,NA,12,7,19,41,25,31,20,12,6,2,8,34,14,29,21,8,6,8,12,13
2023-04-08,UAlbany,Bryant,Away,W,16,20,NA,16,7,23,44,28,32,22,4,20,11,31,46,30,34,18,2,20,10,16,12
2023-04-15,UAlbany,NJIT,Home,L,13,7,NA,13,5,18,51,29,37,18,10,7,3,10,31,16,37,21,4,7,9,13,16
2023-04-21,UAlbany,Yale,Home,W,6,14,NA,6,2,8,45,22,34,20,10,14,5,19,36,25,41,17,10,14,11,6,16
2023-04-23,UAlbany,Merrimack,Home,W,13,11,NA,13,8,21,48,21,42,22,6,11,5,16,39,21,35,13,9,11,10,13,8
2023-04-26,UAlbany,Penn,Home,L,11,14,NA,11,6,17,34,21,36,13,9,14,7,21,36,23,38,23,7,14,9,11,10
2023-04-29,UAlbany,Binghamton,Away,W,14,15,NA,14,11,25,48,29,32,14,13,15,6,21,38,22,31,24,6,15,7,14,15
2023-05-04,UAlbany,Vermont,Away,W,10,4,NA,10,7,17,37,23,24,19,7,4,4,8,41,23,30,16,12,4,19,10,13
2023-05-06,UAlbany,"Bryant Burlington, Vt.",Away,W,11,12,2,11,8,19,46,23,31,15,8,12,6,18,42,22,41,16,10,12,10,11,12
2023-02-18,UMBC,Drexel,Away,W,12,7,NA,12,7,19,38,22,27,12,10,7,5,12,34,18,20,18,7,7,11,12,10
2023-02-24,UMBC,Mount St. Mary's,Home,L,16,6,NA,16,3,19,41,24,20,13,4,6,4,10,24,15,19,19,2,6,9,16,8
2023-03-01,UMBC,St. Bonaventure,Home,L,13,4,NA,13,5,18,47,31,30,12,9,4,2,6,25,12,23,21,2,4,8,13,18
2023-03-05,UMBC,Towson,Home,W,8,4,NA,8,1,9,46,23,33,22,9,4,2,6,24,12,31,26,12,4,8,8,15
2023-03-07,UMBC,Delaware,Away,W,11,17,NA,11,4,15,35,17,31,19,9,17,9,26,45,29,34,19,8,17,12,11,6
2023-03-11,UMBC,Mercer,Home,L,13,8,NA,13,7,20,39,24,17,13,11,8,5,13,31,18,32,23,5,8,10,13,11
2023-03-18,UMBC,Bryant,Away,W,13,17,NA,13,8,21,37,19,27,15,7,17,7,24,49,28,46,13,12,17,11,13,6
2023-03-25,UMBC,Merrimack,Home,L,15,5,NA,15,10,25,52,33,32,13,9,5,3,8,27,16,17,21,6,5,11,15,18
2023-04-01,UMBC,UAlbany,Away,L,6,12,NA,6,2,8,34,14,29,21,8,12,7,19,41,25,31,20,12,12,13,6,8
2023-04-08,UMBC,UMass Lowell,Home,L,15,8,NA,15,10,25,52,31,33,11,13,8,5,13,14,12,27,23,3,8,4,15,16
2023-04-15,UMBC,Binghamton,Home,L,13,16,NA,13,4,17,53,31,34,16,6,16,8,24,40,23,25,20,3,16,7,13,18
2023-04-22,UMBC,NJIT,Away,L,12,10,NA,12,6,18,36,26,28,12,9,10,4,14,43,21,16,20,6,10,11,12,14
2023-04-29,UMBC,Vermont,Home,W,7,11,NA,7,2,9,38,26,21,13,6,11,6,17,44,26,28,13,4,11,15,7,19
2023-02-11,UMass Lowell,Quinnipiac,Away,W,12,21,NA,12,5,17,29,21,19,10,6,21,16,37,44,29,28,13,4,21,8,12,9
2023-02-17,UMass Lowell,Massachusetts,Home,W,3,11,NA,3,1,4,17,12,20,21,6,11,5,16,40,29,25,13,11,11,18,3,9
2023-02-26,UMass Lowell,Siena,Away,W,12,16,NA,12,6,18,31,22,26,15,5,16,9,25,50,29,26,10,5,16,13,12,10
2023-03-03,UMass Lowell,LIU,Home,W,8,12,NA,8,6,14,29,19,27,20,4,12,5,17,42,25,26,17,10,12,13,8,11
2023-03-08,UMass Lowell,Jacksonville,Away,L,7,16,NA,7,1,8,30,18,30,22,2,16,7,23,42,33,34,13,16,16,17,7,11
2023-03-18,UMass Lowell,UAlbany,Away,L,7,15,NA,7,4,11,25,16,32,17,5,15,10,25,52,34,36,10,11,15,19,7,9
2023-03-25,UMass Lowell,Bryant,Home,W,4,20,NA,4,2,6,21,10,17,27,3,20,9,29,59,39,47,15,13,20,19,4,6
2023-04-01,UMass Lowell,Binghamton,Home,L,10,21,NA,10,5,15,38,23,25,15,8,21,13,34,49,32,29,17,5,21,11,10,13
2023-04-08,UMass Lowell,UMBC,Away,L,8,15,NA,8,5,13,14,12,27,23,3,15,10,25,52,31,33,11,13,15,16,8,4
2023-04-14,UMass Lowell,Merrimack,Home,L,10,13,NA,10,3,13,29,19,24,14,8,13,11,24,38,21,26,16,5,13,8,10,9
2023-04-18,UMass Lowell,Holy Cross,Away,L,9,13,NA,9,6,15,31,21,24,16,8,13,8,21,53,37,35,14,11,13,24,9,12
2023-04-22,UMass Lowell,Vermont,Away,L,3,21,NA,3,2,5,18,10,20,23,8,21,11,32,58,40,46,16,11,21,19,3,7
2023-04-29,UMass Lowell,NJIT,Home,L,10,11,1,10,4,14,40,23,26,14,6,11,2,13,44,21,30,20,9,11,10,10,13
2023-02-04,Utah,Denver,Away,L,4,12,NA,4,4,8,34,14,18,13,3,12,7,19,36,20,29,15,1,12,8,4,10
2023-02-11,Utah,Marquette,Home,W,18,16,NA,18,12,30,50,28,35,17,7,16,6,22,33,26,27,17,8,16,10,18,10
2023-02-18,Utah,Vermont,Home,L,13,14,1,13,7,20,44,24,23,10,7,14,9,23,48,34,32,15,4,14,20,13,11
2023-02-25,Utah,Johns Hopkins,Away,L,8,12,NA,8,6,14,45,23,25,12,8,12,9,21,33,26,37,13,9,12,14,8,15
2023-03-04,Utah,Rutgers,Away,W,14,18,NA,14,8,22,49,27,43,21,6,18,7,25,45,33,42,18,11,18,15,14,13
2023-03-18,Utah,Bellarmine,Home,L,15,8,NA,15,7,22,55,28,41,15,9,8,6,14,41,22,32,17,6,8,14,15,13
2023-03-25,Utah,Detroit Mercy,Away,L,24,11,NA,24,12,36,69,43,54,13,5,11,3,14,40,24,31,19,5,11,13,24,19
2023-03-29,Utah,Air Force,Away,L,18,11,NA,18,7,25,54,33,39,17,8,11,6,17,49,18,28,13,9,11,7,18,15
2023-03-31,Utah,Jacksonville,Home,W,18,15,NA,18,7,25,47,27,37,10,7,15,9,24,45,32,42,15,4,15,17,18,9
2023-04-08,Utah,Robert Morris,Away,L,26,16,NA,26,12,38,72,46,51,15,9,16,6,22,37,27,43,12,5,16,11,26,20
2023-04-12,Utah,Lindenwood,Home,L,22,8,NA,22,13,35,67,44,51,16,12,8,4,12,39,24,36,24,6,8,16,22,22
2023-04-15,Utah,Mercer,Home,W,22,12,NA,22,14,36,56,32,35,13,13,12,4,16,39,25,34,20,6,12,13,22,10
2023-04-22,Utah,Cleveland St.,Home,W,19,12,NA,19,12,31,61,35,40,11,10,12,5,17,40,22,23,17,2,12,10,19,16
2023-04-29,Utah,Queens (NC),Away,W,18,6,NA,18,9,27,65,39,41,14,12,6,4,10,31,19,28,18,8,6,13,18,21
2023-05-05,Utah,"Bellarmine Moon Township, Pa.",Away,L,17,14,NA,17,9,26,54,30,40,11,6,14,6,20,33,23,21,18,5,14,9,17,13
2023-05-07,Utah,"Air Force Moon Township, Pa.",Away,W,11,9,NA,11,3,14,42,22,33,20,10,9,4,13,44,18,23,19,9,9,9,11,11
2023-05-13,Utah,Notre Dame,Away,L,7,20,NA,7,2,9,37,24,27,12,9,20,11,31,49,29,40,14,9,20,9,7,17
2023-02-04,VMI,Detroit Mercy,Home,W,14,11,NA,14,10,24,53,29,36,18,14,11,7,18,36,21,21,20,15,11,10,14,15
2023-02-10,VMI,Queens (NC),Away,W,10,9,2,10,6,16,36,18,36,23,6,9,5,14,47,31,31,13,12,9,22,10,8
2023-02-17,VMI,High Point,Home,L,11,17,NA,11,9,20,23,21,24,18,5,17,11,28,51,31,36,13,13,17,14,11,10
2023-02-21,VMI,Hampton,Home,W,20,10,NA,20,9,29,46,28,35,24,11,10,4,14,24,21,38,27,13,10,11,20,8
2023-02-25,VMI,St. Bonaventure,Away,L,9,15,NA,9,5,14,36,23,24,16,11,15,10,25,40,24,32,20,9,15,9,9,14
2023-03-04,VMI,Bellarmine,Away,L,6,17,NA,6,1,7,33,18,20,19,5,17,9,26,50,30,31,11,10,17,13,6,12
2023-03-11,VMI,LIU,Away,W,13,14,NA,13,7,20,42,24,35,13,5,14,5,19,46,27,34,10,5,14,13,13,11
2023-03-18,VMI,Siena,Home,W,14,10,NA,14,6,20,44,24,31,21,12,10,6,16,38,23,28,14,13,10,13,14,10
2023-03-25,VMI,Sacred Heart,Away,L,4,16,NA,4,1,5,39,17,22,14,6,16,9,25,46,31,42,15,8,16,15,4,13
2023-03-29,VMI,Mount St. Mary's,Home,W,5,20,NA,5,2,7,29,10,17,20,6,20,11,31,53,39,47,16,9,20,19,5,5
2023-04-01,VMI,Canisius,Away,L,11,10,1,11,6,17,38,19,42,17,9,10,3,13,37,24,40,15,7,10,14,11,8
2023-04-08,VMI,Manhattan,Home,L,6,8,NA,6,3,9,28,15,22,19,3,8,4,12,42,25,29,8,8,8,17,6,9
2023-04-12,VMI,Wagner,Away,L,12,11,NA,12,6,18,47,34,28,11,5,11,3,14,34,21,22,11,6,11,10,12,22
2023-04-15,VMI,Quinnipiac,Home,L,13,14,NA,13,9,22,42,25,21,8,8,14,8,22,46,28,26,12,1,14,14,13,12
2023-04-22,VMI,Marist,Away,L,7,18,NA,7,3,10,47,24,41,17,9,18,8,26,45,33,37,17,6,18,15,7,17
2023-02-04,Vermont,Syracuse,Away,W,5,7,NA,5,2,7,35,18,29,21,8,7,5,12,44,23,27,18,11,7,16,5,13
2023-02-11,Vermont,Boston U.,Home,W,14,12,NA,14,13,27,33,26,34,21,8,12,5,17,48,28,38,16,12,12,16,14,12
2023-02-18,Vermont,Utah,Away,L,14,13,1,14,9,23,48,34,32,15,4,13,7,20,44,24,23,10,7,13,11,14,20
2023-02-26,Vermont,Brown,Home,L,12,22,NA,12,6,18,50,28,32,10,4,22,16,38,48,35,30,10,4,22,13,12,16
2023-03-03,Vermont,Harvard,Away,L,5,12,NA,5,3,8,33,18,40,23,5,12,8,20,45,24,41,13,10,12,12,5,13
2023-03-11,Vermont,Massachusetts,Home,W,4,12,NA,4,2,6,40,20,18,12,7,12,6,18,34,20,17,16,6,12,8,4,16
2023-03-18,Vermont,NJIT,Away,L,16,10,NA,16,13,29,51,29,29,15,9,10,5,15,27,20,22,20,9,10,10,16,13
2023-03-25,Vermont,UAlbany,Home,L,14,7,NA,14,9,23,35,25,28,20,6,7,6,13,28,17,13,16,10,7,10,14,11
2023-04-01,Vermont,Merrimack,Away,W,13,8,NA,13,8,21,33,20,31,27,20,8,5,13,35,16,21,22,25,8,8,13,7
2023-04-08,Vermont,Binghamton,Away,W,11,9,NA,11,4,15,44,31,36,16,5,9,3,12,37,20,22,15,5,9,11,11,20
2023-04-15,Vermont,Bryant,Home,W,13,12,NA,13,8,21,40,22,28,16,13,12,6,18,53,23,39,18,7,12,11,13,9
2023-04-22,Vermont,UMass Lowell,Home,L,21,3,NA,21,11,32,58,40,46,16,11,3,2,5,18,10,20,23,8,3,7,21,19
2023-04-29,Vermont,UMBC,Away,W,11,7,NA,11,6,17,44,26,28,13,4,7,2,9,38,26,21,13,6,7,19,11,15
2023-05-04,Vermont,UAlbany,Home,W,4,10,NA,4,4,8,41,23,30,16,12,10,7,17,37,23,24,19,7,10,13,4,19
2023-02-12,Villanova,Penn St.,Home,W,14,12,NA,14,8,22,42,26,33,13,14,12,8,20,45,30,39,24,7,12,18,14,12
2023-02-19,Villanova,Yale,Home,L,14,20,NA,14,7,21,53,32,38,16,11,20,12,32,51,30,30,12,6,20,10,14,18
2023-02-26,Villanova,Delaware,Away,L,13,12,NA,13,6,19,46,28,44,15,7,12,7,19,32,20,38,16,10,12,8,13,15
2023-03-04,Villanova,Hofstra,Away,W,15,8,NA,15,10,25,46,29,33,14,7,8,4,12,35,16,26,19,4,8,8,15,14
2023-03-08,Villanova,"Drexel Philadelphia, Pa.",Away,W,14,7,NA,14,6,20,43,27,32,14,12,7,1,8,25,19,34,24,6,7,12,14,13
2023-03-11,Villanova,Penn,Away,L,9,8,NA,9,4,13,48,30,30,14,10,8,6,14,26,19,21,15,3,8,11,9,21
2023-03-18,Villanova,Monmouth,Away,W,10,6,NA,10,8,18,38,19,32,16,11,6,5,11,30,19,30,15,9,6,13,10,9
2023-03-21,Villanova,Navy,Home,L,17,6,NA,17,13,30,44,26,28,17,8,6,2,8,35,18,28,19,9,6,12,17,9
2023-03-27,Villanova,Brown,Home,L,11,13,NA,11,8,19,48,33,33,14,11,13,7,20,37,21,31,26,5,13,8,11,22
2023-04-01,Villanova,St. John's (NY),Home,L,18,8,NA,18,10,28,65,38,40,16,12,8,6,14,27,18,28,23,4,8,10,18,20
2023-04-08,Villanova,Denver,Away,L,6,12,NA,6,2,8,41,18,25,15,4,12,7,19,33,17,34,18,4,12,5,6,12
2023-04-15,Villanova,Providence,Away,W,20,8,NA,20,13,33,45,35,38,14,4,8,6,14,34,22,31,16,5,8,14,20,15
2023-04-22,Villanova,Marquette,Home,W,16,15,1,16,6,22,51,27,38,12,9,15,6,21,25,21,23,15,5,15,6,16,11
2023-04-28,Villanova,Georgetown,Away,L,8,12,NA,8,4,12,34,15,29,21,8,12,5,17,38,24,38,18,12,12,12,8,7
2023-05-04,Villanova,"Denver Milwaukee, Wis.",Away,L,9,16,NA,9,5,14,29,17,20,17,5,16,8,24,34,22,29,17,5,16,6,9,8
2023-02-11,Virginia,Michigan,Home,W,17,13,NA,17,11,28,44,26,38,11,10,13,6,19,36,29,34,15,7,13,16,17,9
2023-02-18,Virginia,Harvard,Home,W,25,21,NA,25,17,42,47,34,45,17,5,21,16,37,49,34,39,13,11,21,13,25,9
2023-02-25,Virginia,"Ohio St. Naples, Fla.",Away,W,17,6,NA,17,12,29,45,29,31,12,12,6,5,11,33,14,30,23,7,6,8,17,12
2023-03-04,Virginia,Richmond,Home,L,25,8,NA,25,14,39,51,33,53,15,5,8,4,12,28,18,24,15,8,8,10,25,8
2023-03-07,Virginia,Johns Hopkins,Away,L,18,13,NA,18,12,30,47,29,42,15,5,13,8,21,31,22,22,14,6,13,9,18,11
2023-03-11,Virginia,Towson,Home,W,19,12,NA,19,14,33,60,39,46,10,13,12,8,20,43,22,40,20,5,12,10,19,20
2023-03-18,Virginia,Maryland,Home,L,13,14,1,13,9,22,47,28,39,16,8,14,6,20,48,29,37,13,8,14,15,13,15
2023-03-25,Virginia,Notre Dame,Away,L,15,10,NA,15,10,25,49,28,33,17,10,10,6,16,45,24,27,16,12,10,14,15,13
2023-03-31,Virginia,Duke,Home,L,14,16,NA,14,11,25,43,28,45,18,14,16,9,25,46,30,42,18,7,16,14,14,14
2023-04-07,Virginia,North Carolina,Away,L,19,12,NA,19,13,32,36,26,42,18,7,12,8,20,47,25,28,15,5,12,13,19,7
2023-04-15,Virginia,Duke,Away,W,14,15,NA,14,7,21,41,26,34,15,10,15,8,23,48,32,37,16,6,15,17,14,12
2023-04-22,Virginia,Syracuse,Home,W,19,12,NA,19,14,33,60,34,43,14,10,12,9,21,37,22,35,15,11,12,10,19,15
2023-04-25,Virginia,Lafayette,Away,L,20,11,NA,20,13,33,41,27,41,17,8,11,7,18,44,25,30,14,7,11,14,20,7
2023-04-30,Virginia,Notre Dame,Home,L,12,8,NA,12,10,22,48,24,40,18,7,8,5,13,41,27,40,12,11,8,19,12,12
2023-05-13,Virginia,Richmond,Home,L,17,8,NA,17,11,28,33,27,33,19,6,8,4,12,35,17,28,15,8,8,9,17,10
2023-05-20,Virginia,"Georgetown Albany, N.Y.",Away,L,17,14,NA,17,11,28,40,28,39,11,12,14,6,20,48,28,36,12,3,14,14,17,11
2023-05-27,Virginia,"Notre Dame Philadelphia, Pa.",Away,W,12,13,1,12,6,18,37,23,30,15,8,13,4,17,49,30,42,10,7,13,17,12,11
2023-02-18,Wagner,Fairfield,Home,W,7,14,NA,7,4,11,34,15,17,20,9,14,5,19,41,28,37,21,9,14,14,7,8
2023-02-21,Wagner,Army West Point,Away,L,6,20,NA,6,4,10,27,13,20,22,9,20,12,32,51,37,50,19,9,20,17,6,7
2023-02-25,Wagner,"Queens (NC) Towson, Md.",Away,W,13,9,NA,13,8,21,43,23,35,16,10,9,3,12,31,20,31,19,8,9,11,13,10
2023-02-28,Wagner,Monmouth,Home,L,4,9,NA,4,2,6,34,16,15,11,5,9,5,14,35,26,22,8,3,9,17,4,12
2023-03-04,Wagner,NJIT,Away,L,8,10,NA,8,2,10,41,20,15,19,4,10,6,16,39,29,34,17,9,10,19,8,12
2023-03-11,Wagner,Marist,Away,L,7,16,NA,7,1,8,39,18,26,16,4,16,9,25,42,27,34,17,9,16,11,7,11
2023-03-18,Wagner,Quinnipiac,Home,W,12,11,3,12,5,17,48,28,17,11,7,11,5,16,39,23,16,18,8,11,12,12,16
2023-03-25,Wagner,Mount St. Mary's,Home,W,7,10,NA,7,3,10,24,15,17,23,7,10,6,16,42,21,24,19,14,10,11,7,8
2023-03-29,Wagner,LIU,Away,L,6,13,NA,6,1,7,43,28,29,18,7,13,3,16,37,22,35,17,15,13,9,6,22
2023-04-01,Wagner,Siena,Away,L,6,13,NA,6,3,9,38,20,37,20,1,13,10,23,45,30,30,8,13,13,17,6,14
2023-04-08,Wagner,Sacred Heart,Home,W,9,13,NA,9,3,12,34,20,22,15,4,13,5,18,36,27,24,15,5,13,14,9,11
2023-04-12,Wagner,VMI,Home,L,11,12,NA,11,3,14,34,21,22,11,6,12,6,18,47,34,28,11,5,12,22,11,10
2023-04-15,Wagner,Canisius,Away,W,10,8,NA,10,3,13,48,24,29,17,7,8,8,16,32,18,24,19,6,8,10,10,14
2023-04-22,Wagner,Manhattan,Home,L,2,6,NA,2,1,3,24,10,11,14,4,6,2,8,44,22,14,13,5,6,16,2,8
2023-02-19,Yale,Villanova,Away,L,20,14,NA,20,12,32,51,30,30,12,6,14,7,21,53,32,38,16,11,14,18,20,10
2023-02-25,Yale,Penn St.,Home,L,11,13,NA,11,6,17,34,26,36,17,8,13,9,22,42,25,34,19,7,13,12,11,15
2023-03-03,Yale,Massachusetts,Away,W,18,9,NA,18,8,26,55,34,38,11,7,9,7,16,44,32,38,15,8,9,23,18,16
2023-03-11,Yale,Denver,Home,L,11,9,NA,11,6,17,39,22,22,15,9,9,4,13,35,22,23,19,6,9,13,11,11
2023-03-18,Yale,Cornell,Home,L,10,20,NA,10,1,11,47,31,32,14,14,20,11,31,40,31,34,20,11,20,11,10,21
2023-03-25,Yale,Princeton,Away,W,10,23,NA,10,7,17,43,24,37,22,5,23,13,36,66,36,38,15,13,23,13,10,14
2023-04-01,Yale,Penn,Away,W,16,17,NA,16,7,23,52,28,30,16,12,17,7,24,55,30,31,17,10,17,13,16,12
2023-04-04,Yale,Boston U.,Home,W,17,14,NA,17,12,29,50,27,38,19,8,14,9,23,48,27,35,18,11,14,13,17,10
2023-04-08,Yale,Dartmouth,Home,W,21,11,NA,21,15,36,58,36,38,17,9,11,5,16,38,23,19,19,6,11,12,21,15
2023-04-15,Yale,Brown,Home,W,16,10,NA,16,7,23,48,30,29,9,7,10,4,14,52,26,47,21,6,10,16,16,14
2023-04-21,Yale,UAlbany,Away,W,14,6,NA,14,5,19,36,25,41,17,10,6,2,8,45,22,34,20,10,6,16,14,11
2023-04-29,Yale,Harvard,Away,L,14,11,NA,14,7,21,35,25,41,24,6,11,3,14,41,27,44,19,13,11,16,14,11
2023-05-05,Yale,Cornell Robert K Kraft Field,Away,L,22,15,NA,22,13,35,55,29,37,18,5,15,9,24,47,34,37,8,14,15,19,22,7
2023-05-07,Yale,Princeton Robert K Kraft Field,Away,W,10,19,NA,10,6,16,55,28,32,10,5,19,14,33,51,32,38,10,8,19,13,10,18
2023-05-13,Yale,Georgetown,Away,W,17,19,NA,17,5,22,42,27,29,12,4,19,10,29,50,31,34,15,11,19,12,17,10
2022-02-05,Air Force,Virginia,Away,W,11,21,NA,11,5,16,31,19,30,17,6,21,13,34,51,35,45,13,9,21,14,11,8
2022-02-12,Air Force,Denver,Away,L,9,13,NA,9,6,15,33,16,27,18,7,13,9,22,45,31,37,15,10,13,18,9,7
2022-02-19,Air Force,Colgate,Away,L,8,11,NA,8,5,13,46,27,22,10,9,11,7,18,39,27,32,17,6,11,16,8,19
2022-02-27,Air Force,Jacksonville,Home,W,9,15,NA,9,3,12,41,23,34,17,11,15,10,25,34,25,21,18,7,15,10,9,14
2022-02-28,Air Force,Canisius,Home,W,9,8,1,9,4,13,50,23,28,15,9,8,4,12,36,17,19,12,5,8,9,9,14
2022-03-05,Air Force,Marist,Home,L,17,8,NA,17,10,27,47,25,34,15,12,8,5,13,38,16,33,19,8,8,8,17,8
2022-03-12,Air Force,Bryant,Away,L,16,10,NA,16,6,22,42,27,30,15,8,10,5,15,50,31,36,17,9,10,21,16,11
2022-03-19,Air Force,Mercer,Away,L,13,10,NA,13,7,20,50,26,26,17,10,10,2,12,43,21,18,13,9,10,11,13,13
2022-03-26,Air Force,Marquette,Away,W,16,9,NA,16,10,26,39,26,24,18,4,9,6,15,40,24,26,15,9,9,15,16,10
2022-04-02,Air Force,Utah,Home,W,8,10,NA,8,5,13,46,22,22,18,11,10,7,17,35,21,22,15,8,10,11,8,14
2022-04-09,Air Force,Detroit Mercy,Away,W,13,4,NA,13,6,19,54,30,41,19,11,4,2,6,26,15,34,23,6,4,11,13,17
2022-04-16,Air Force,Cleveland St.,Home,L,12,8,NA,12,5,17,45,30,31,19,11,8,6,14,34,21,27,19,7,8,13,12,18
2022-04-23,Air Force,Robert Morris,Away,W,10,11,NA,10,5,15,49,26,19,11,15,11,7,18,37,18,21,25,8,11,7,10,16
2022-04-30,Air Force,Bellarmine,Home,W,9,7,NA,9,4,13,38,18,41,14,15,7,4,11,25,16,22,18,9,7,9,9,9
2022-05-05,Air Force,"Robert Morris Huntsville, Ala.",Away,W,7,9,NA,7,5,12,51,21,24,22,12,9,5,14,23,20,14,19,9,9,11,7,14
2022-02-12,Army West Point,Massachusetts,Home,W,14,13,NA,14,9,23,28,22,30,17,5,13,7,20,46,31,32,9,8,13,18,14,8
2022-02-19,Army West Point,Rutgers,Away,W,10,13,NA,10,7,17,48,25,25,14,6,13,7,20,46,22,34,15,7,13,9,10,15
2022-02-23,Army West Point,Siena,Home,W,20,10,NA,20,11,31,61,40,36,11,7,10,6,16,39,27,24,13,4,10,17,20,20
2022-02-26,Army West Point,NJIT,Home,L,18,4,NA,18,14,32,62,38,19,10,8,4,2,6,41,28,17,20,5,4,24,18,20
2022-03-02,Army West Point,Syracuse,Away,L,17,13,NA,17,5,22,50,28,29,15,11,13,3,16,39,26,38,19,9,13,13,17,11
2022-03-06,Army West Point,Holy Cross,Home,L,14,8,NA,14,9,23,47,32,29,13,8,8,5,13,44,21,37,18,8,8,13,14,18
2022-03-11,Army West Point,Lafayette,Away,L,18,12,NA,18,14,32,44,29,38,16,7,12,5,17,41,26,35,10,8,12,14,18,11
2022-03-19,Army West Point,Lehigh,Home,L,10,11,NA,10,6,16,38,21,23,13,11,11,4,15,36,21,26,18,6,11,10,10,11
2022-03-26,Army West Point,Loyola Maryland,Away,L,14,12,NA,14,4,18,41,26,34,18,5,12,7,19,50,25,33,15,12,12,13,14,12
2022-04-02,Army West Point,Bucknell,Away,W,10,9,NA,10,5,15,42,26,37,18,7,9,6,15,37,21,30,17,11,9,12,10,16
2022-04-09,Army West Point,Colgate,Home,W,13,11,NA,13,7,20,52,26,30,14,9,11,5,16,34,22,23,17,8,11,11,13,13
2022-04-16,Army West Point,Cornell,Away,L,17,10,NA,17,6,23,44,28,37,19,3,10,5,15,36,22,30,14,10,10,12,17,11
2022-04-23,Army West Point,Navy,Home,L,11,12,1,11,3,14,45,22,36,14,9,12,8,20,35,15,24,19,5,12,3,11,11
2022-04-29,Army West Point,Boston U.,Away,L,15,14,NA,15,11,26,51,31,38,12,10,14,6,20,37,20,39,22,9,14,6,15,16
2022-05-06,Army West Point,"Loyola Maryland Boston, Mass.",Away,L,14,13,NA,14,8,22,54,28,30,12,6,13,7,20,31,21,33,15,6,13,8,14,14
2022-05-08,Army West Point,Boston U.,Away,W,10,14,NA,10,5,15,39,25,35,24,8,14,7,21,49,27,32,20,14,14,13,10,15
2022-01-29,Bellarmine,Mercer,Away,W,4,9,NA,4,3,7,28,10,10,19,11,9,6,15,29,16,23,17,8,9,7,4,6
2022-02-05,Bellarmine,Michigan,Away,W,13,22,NA,13,6,19,36,21,26,22,13,22,13,35,57,38,50,21,6,22,16,13,8
2022-02-12,Bellarmine,Marquette,Home,L,8,9,3,8,6,14,28,20,19,23,10,9,6,15,46,23,27,21,11,9,14,8,12
2022-02-19,Bellarmine,Canisius,Home,L,11,13,NA,11,5,16,36,21,23,16,14,13,9,22,34,21,23,19,5,13,8,11,10
2022-02-22,Bellarmine,St. Bonaventure,Away,W,12,13,NA,12,6,18,45,31,37,15,9,13,10,23,32,24,31,19,10,13,11,12,19
2022-02-26,Bellarmine,Hampton,Home,L,23,3,NA,23,15,38,59,34,41,18,17,3,1,4,18,10,24,34,6,3,7,23,11
2022-03-01,Bellarmine,Bryant,Away,W,12,16,NA,12,8,20,37,28,31,17,7,16,11,27,50,28,33,14,11,16,12,12,16
2022-03-05,Bellarmine,High Point,Away,L,4,15,NA,4,1,5,24,13,19,21,7,15,11,26,57,30,31,17,12,15,15,4,9
2022-03-11,Bellarmine,Jacksonville,Home,W,2,16,NA,2,1,3,18,12,23,33,14,16,12,28,43,33,36,32,9,16,17,2,10
2022-03-19,Bellarmine,VMI,Away,W,17,8,NA,17,13,30,39,25,36,20,10,8,6,14,34,18,32,22,12,8,10,17,8
2022-03-26,Bellarmine,North Carolina,Away,L,8,15,NA,8,6,14,26,17,17,14,5,15,11,26,48,31,36,13,4,15,16,8,9
2022-04-02,Bellarmine,Cleveland St.,Home,W,15,11,NA,15,9,24,42,23,27,11,9,11,5,16,36,16,14,14,2,11,5,15,8
2022-04-09,Bellarmine,Robert Morris,Away,L,9,12,NA,9,7,16,31,18,28,17,6,12,7,19,35,23,32,15,12,12,11,9,9
2022-04-16,Bellarmine,Detroit Mercy,Home,L,13,8,NA,13,7,20,47,24,25,16,10,8,4,12,37,21,18,17,8,8,13,13,11
2022-04-23,Bellarmine,Utah,Home,L,11,12,NA,11,7,18,40,20,18,15,10,12,8,20,43,27,26,14,6,12,15,11,9
2022-04-30,Bellarmine,Air Force,Away,W,7,9,NA,7,4,11,25,16,22,18,9,9,4,13,38,18,41,14,15,9,9,7,9
2022-05-05,Bellarmine,"Utah Huntsville, Ala.",Away,W,11,12,1,11,5,16,40,21,22,21,9,12,8,20,40,24,31,19,10,12,12,11,10
2022-02-12,Binghamton,Marist,Home,W,9,11,NA,9,5,14,48,22,27,20,6,11,8,19,44,24,18,16,9,11,13,9,13
2022-02-22,Binghamton,Princeton,Away,L,9,22,NA,9,4,13,36,24,30,22,6,22,13,35,53,34,44,14,15,22,12,9,15
2022-02-26,Binghamton,Lafayette,Away,L,13,12,1,13,9,22,26,19,28,18,3,12,8,20,44,31,26,10,7,12,19,13,6
2022-03-05,Binghamton,Bucknell,Away,W,11,17,NA,11,6,17,38,22,25,14,8,17,13,30,56,35,39,17,10,17,18,11,11
2022-03-08,Binghamton,Hofstra,Away,W,12,6,NA,12,4,16,42,22,36,25,10,6,4,10,31,11,22,21,6,6,5,12,10
2022-03-14,Binghamton,Fairfield,Home,L,11,16,NA,11,4,15,53,32,37,18,11,16,10,26,45,27,25,21,6,16,11,11,21
2022-03-19,Binghamton,UAlbany,Away,L,18,10,NA,18,12,30,42,32,40,14,8,10,8,18,37,22,39,16,9,10,12,18,14
2022-03-26,Binghamton,UMBC,Home,L,12,8,NA,12,4,16,38,22,25,18,8,8,6,14,27,18,21,19,6,8,10,12,10
2022-03-29,Binghamton,Lehigh,Home,L,10,12,NA,10,3,13,32,18,29,17,8,12,9,21,39,25,29,16,7,12,13,10,8
2022-04-16,Binghamton,Stony Brook,Home,L,3,7,NA,3,3,6,29,13,8,25,5,7,4,11,48,27,17,9,5,7,20,3,10
2022-04-19,Binghamton,NJIT,Away,W,18,8,NA,18,14,32,47,33,37,17,6,8,4,12,56,27,30,14,9,8,19,18,15
2022-04-23,Binghamton,Vermont,Away,W,10,17,NA,10,7,17,23,16,25,21,10,17,13,30,47,33,42,17,14,17,16,10,6
2022-04-30,Binghamton,UMass Lowell,Home,L,7,9,NA,7,5,12,43,19,13,17,8,9,4,13,41,22,10,19,6,9,13,7,12
2022-05-05,Binghamton,"UMBC Burlington, Vt.",Away,W,6,7,NA,6,4,10,32,15,23,16,6,7,3,10,24,16,31,23,9,7,9,6,9
2022-02-12,Boston U.,Merrimack,Home,W,12,10,NA,12,7,19,55,35,43,17,13,10,6,16,33,22,21,21,6,10,12,12,23
2022-02-19,Boston U.,Bryant,Home,L,13,8,NA,13,6,19,32,18,35,19,13,8,3,11,41,22,26,18,9,8,14,13,5
2022-02-26,Boston U.,Massachusetts,Home,L,16,7,NA,16,8,24,39,26,30,18,11,7,5,12,35,19,31,22,3,7,12,16,10
2022-03-05,Boston U.,Colgate,Away,W,18,6,NA,18,14,32,45,28,38,15,12,6,2,8,33,21,28,17,5,6,15,18,10
2022-03-12,Boston U.,Bucknell,Home,L,12,7,NA,12,8,20,47,18,40,23,15,7,5,12,39,19,39,22,12,7,12,12,6
2022-03-19,Boston U.,Holy Cross,Away,L,16,10,NA,16,8,24,51,31,33,19,10,10,7,17,34,25,27,20,9,10,15,16,15
2022-03-22,Boston U.,Harvard,Away,W,10,13,NA,10,5,15,44,22,36,21,15,13,6,19,37,25,36,22,7,13,12,10,12
2022-03-26,Boston U.,Lafayette,Home,W,21,11,NA,21,18,39,49,29,51,21,12,11,8,19,39,27,29,15,12,11,16,21,8
2022-04-02,Boston U.,Navy,Home,L,17,9,NA,17,11,28,49,25,42,19,11,9,4,13,29,17,27,23,11,9,8,17,8
2022-04-05,Boston U.,Yale,Home,L,15,22,NA,15,10,25,58,31,30,14,14,22,17,39,50,30,56,22,8,22,8,15,16
2022-04-09,Boston U.,Princeton,Away,L,7,12,NA,7,1,8,43,21,38,23,12,12,9,21,43,22,45,23,12,12,10,7,14
2022-04-16,Boston U.,Loyola Maryland,Away,W,14,9,NA,14,9,23,41,27,33,13,6,9,8,17,35,22,33,17,8,9,13,14,13
2022-04-23,Boston U.,Lehigh,Away,L,9,8,NA,9,7,16,32,23,34,21,11,8,7,15,28,18,30,16,14,8,10,9,14
2022-04-29,Boston U.,Army West Point,Home,L,14,15,NA,14,6,20,37,20,39,22,9,15,11,26,51,31,38,12,10,15,16,14,6
2022-05-06,Boston U.,Lehigh,Home,W,13,12,1,13,11,24,53,28,35,14,14,12,7,19,36,23,41,22,10,12,11,13,15
2022-05-08,Boston U.,Army West Point,Home,W,14,10,NA,14,7,21,49,27,32,20,14,10,5,15,39,25,35,24,8,10,15,14,13
2022-05-14,Boston U.,Princeton,Away,L,5,12,NA,5,3,8,30,20,29,20,13,12,7,19,43,21,50,24,15,12,9,5,15
2022-02-19,Brown,Quinnipiac,Home,W,19,13,NA,19,9,28,51,30,27,10,3,13,6,19,46,30,21,11,5,13,17,19,11
2022-02-23,Brown,North Carolina,Away,W,11,14,NA,11,6,17,38,28,24,16,5,14,11,25,48,24,41,21,11,14,10,11,17
2022-02-26,Brown,Vermont,Home,W,12,11,NA,12,9,21,47,21,25,20,11,11,7,18,48,23,33,23,12,11,12,12,9
2022-03-01,Brown,Villanova,Home,W,15,14,NA,15,12,27,39,27,30,22,10,14,12,26,41,26,29,20,11,14,12,15,12
2022-03-05,Brown,Providence,Away,L,22,10,NA,22,10,32,51,29,36,13,6,10,4,14,50,24,25,13,7,10,14,22,7
2022-03-12,Brown,Stony Brook,Home,L,10,7,NA,10,5,15,31,21,30,20,15,7,1,8,42,25,28,22,11,7,18,10,11
2022-03-19,Brown,Harvard,Away,W,11,12,NA,11,7,18,48,29,27,20,6,12,8,20,34,20,23,19,6,12,8,11,18
2022-03-26,Brown,Massachusetts,Home,W,7,10,NA,7,4,11,46,21,21,11,3,10,5,15,40,22,24,14,2,10,12,7,14
2022-04-02,Brown,Princeton,Home,W,9,17,NA,9,4,13,45,24,28,14,7,17,6,23,42,27,32,12,5,17,10,9,15
2022-04-09,Brown,Penn,Away,L,12,10,NA,12,7,19,47,29,31,15,5,10,8,18,46,23,27,17,8,10,13,12,17
2022-04-16,Brown,Yale,Home,W,20,13,NA,20,11,31,60,35,38,10,10,13,8,21,52,28,32,19,3,13,15,20,15
2022-04-23,Brown,Cornell,Away,W,13,8,NA,13,11,24,36,28,26,20,3,8,5,13,56,32,36,10,7,8,24,13,15
2022-04-26,Brown,Bryant,Home,L,16,9,NA,16,10,26,50,28,29,19,10,9,6,15,48,28,30,20,7,9,19,16,12
2022-04-30,Brown,Dartmouth,Home,L,15,6,NA,15,10,25,52,30,33,18,7,6,4,10,35,17,22,17,4,6,11,15,15
2022-05-06,Brown,Penn,Home,W,9,14,NA,9,4,13,45,29,31,14,9,14,10,24,41,23,31,22,7,14,9,9,20
2022-05-14,Brown,Virginia,Home,L,10,17,NA,10,6,16,44,26,20,14,10,17,10,27,46,26,32,20,8,17,9,10,16
2022-02-12,Bryant,Providence,Away,W,19,7,NA,19,10,29,57,35,44,17,13,7,2,9,32,22,31,19,7,7,15,19,16
2022-02-19,Bryant,Boston U.,Away,L,8,13,NA,8,3,11,41,22,26,18,9,13,6,19,32,18,35,19,13,13,5,8,14
2022-02-26,Bryant,Dartmouth,Home,W,9,11,NA,9,4,13,51,28,34,20,11,11,4,15,40,21,30,24,13,11,10,9,19
2022-03-01,Bryant,Bellarmine,Home,W,16,12,NA,16,11,27,50,28,33,14,11,12,8,20,37,28,31,17,7,12,16,16,12
2022-03-05,Bryant,Vermont,Away,L,6,16,NA,6,3,9,33,19,28,13,9,16,9,25,42,33,33,14,11,16,17,6,13
2022-03-12,Bryant,Air Force,Home,L,10,16,NA,10,5,15,50,31,36,17,9,16,6,22,42,27,30,15,8,16,11,10,21
2022-03-19,Bryant,Merrimack,Home,L,16,4,NA,16,6,22,43,27,29,19,9,4,3,7,34,20,24,18,8,4,16,16,11
2022-03-26,Bryant,Hobart,Away,L,14,11,NA,14,8,22,40,21,33,22,8,11,8,19,54,20,31,16,10,11,9,14,7
2022-04-02,Bryant,LIU,Home,W,8,4,NA,8,5,13,39,26,39,21,9,4,2,6,35,24,20,16,9,4,20,8,18
2022-04-09,Bryant,Saint Joseph's,Away,W,10,11,NA,10,6,16,40,20,28,23,4,11,8,19,49,22,23,15,9,11,11,10,10
2022-04-16,Bryant,Sacred Heart,Home,W,22,10,NA,22,12,34,47,33,44,24,13,10,6,16,31,22,30,21,12,10,12,22,11
2022-04-23,Bryant,Mount St. Mary's,Away,W,14,7,NA,14,9,23,46,26,30,20,6,7,6,13,38,18,29,21,11,7,11,14,12
2022-04-26,Bryant,Brown,Away,L,9,16,NA,9,6,15,48,28,30,20,7,16,10,26,50,28,29,19,10,16,12,9,19
2022-04-30,Bryant,Wagner,Home,L,15,6,NA,15,11,26,52,41,41,16,9,6,3,9,35,20,25,18,9,6,14,15,26
2022-05-05,Bryant,"Hobart Philadelphia, Pa.",Away,L,5,21,NA,5,1,6,37,18,36,21,11,21,9,30,54,38,38,16,14,21,17,5,13
2022-02-05,Bucknell,Mercer,Away,L,16,14,NA,16,12,28,36,29,22,16,6,14,10,24,51,24,26,13,11,14,10,16,13
2022-02-12,Bucknell,Robert Morris,Away,L,14,12,NA,14,7,21,39,29,22,20,9,12,8,20,43,20,25,23,8,12,8,14,15
2022-02-19,Bucknell,St. John's (NY),Home,L,23,7,NA,23,16,39,56,35,52,21,14,7,4,11,28,11,22,27,7,7,4,23,12
2022-02-26,Bucknell,Marist,Away,W,15,7,NA,15,5,20,53,37,53,7,8,7,4,11,31,16,21,17,4,7,9,15,22
2022-03-05,Bucknell,Binghamton,Home,W,17,11,NA,17,13,30,56,35,39,17,10,11,6,17,38,22,25,14,8,11,11,17,18
2022-03-12,Bucknell,Boston U.,Away,L,7,12,NA,7,5,12,39,19,39,22,12,12,8,20,47,18,40,23,15,12,6,7,12
2022-03-15,Bucknell,Penn St.,Home,W,12,11,NA,12,7,19,45,25,41,17,13,11,7,18,40,22,34,25,11,11,11,12,13
2022-03-19,Bucknell,Loyola Maryland,Away,L,9,13,NA,9,4,13,40,22,30,20,7,13,8,21,41,27,42,18,11,13,14,9,13
2022-03-26,Bucknell,Colgate,Home,L,14,6,NA,14,8,22,40,29,37,14,10,6,1,7,42,22,22,20,4,6,16,14,15
2022-04-02,Bucknell,Army West Point,Home,W,9,10,NA,9,6,15,37,21,30,17,11,10,5,15,42,26,37,18,7,10,16,9,12
2022-04-10,Bucknell,Lehigh,Away,W,12,13,NA,12,6,18,42,25,35,11,15,13,7,20,44,28,43,19,7,13,15,12,13
2022-04-17,Bucknell,Holy Cross,Home,L,23,7,NA,23,19,42,65,43,49,17,9,7,4,11,29,15,27,21,8,7,8,23,20
2022-04-22,Bucknell,Lafayette,Home,W,19,16,NA,19,10,29,50,30,40,16,14,16,7,23,34,26,33,20,6,16,10,19,11
2022-04-29,Bucknell,Navy,Away,L,6,13,NA,6,4,10,42,22,33,15,7,13,10,23,48,25,41,17,6,13,12,6,16
2022-05-03,Bucknell,Loyola Maryland,Away,L,7,11,NA,7,4,11,38,20,20,12,6,11,8,19,44,27,33,13,5,11,16,7,13
2022-02-12,Canisius,Hobart,Away,W,13,22,NA,13,4,17,43,25,26,17,3,22,14,36,60,40,43,13,12,22,18,13,12
2022-02-19,Canisius,Bellarmine,Away,L,13,11,NA,13,9,22,34,21,23,19,5,11,5,16,36,21,23,16,14,11,10,13,8
2022-02-22,Canisius,Michigan,Away,W,10,23,NA,10,2,12,46,23,32,17,6,23,14,37,56,40,40,13,13,23,17,10,13
2022-02-27,Canisius,Denver,Away,L,9,20,NA,9,4,13,42,14,34,20,4,20,11,31,55,31,31,12,10,20,11,9,5
2022-02-28,Canisius,Air Force,Away,W,8,9,1,8,4,12,36,17,19,12,5,9,4,13,50,23,28,15,9,9,14,8,9
2022-03-06,Canisius,Cleveland St.,Home,L,10,12,NA,10,5,15,49,25,38,15,8,12,6,18,48,26,33,18,5,12,14,10,15
2022-03-09,Canisius,Robert Morris,Away,L,6,23,NA,6,4,10,34,21,24,25,2,23,12,35,51,39,33,11,17,23,16,6,15
2022-03-20,Canisius,Siena,Home,W,9,8,NA,9,5,14,40,21,33,22,3,8,5,13,34,18,15,16,9,8,10,9,12
2022-03-26,Canisius,Vermont,Away,L,6,15,NA,6,2,8,23,16,29,18,10,15,10,25,57,34,35,15,9,15,19,6,10
2022-04-02,Canisius,Manhattan,Away,W,11,14,NA,11,5,16,33,18,27,17,8,14,6,20,30,19,21,13,9,14,5,11,7
2022-04-09,Canisius,Quinnipiac,Home,L,10,15,NA,10,9,19,36,22,24,17,5,15,8,23,54,28,37,14,7,15,13,10,12
2022-04-16,Canisius,Monmouth,Away,W,4,6,NA,4,3,7,27,16,24,21,7,6,3,9,37,24,31,16,14,6,18,4,12
2022-04-23,Canisius,Marist,Home,W,7,13,NA,7,5,12,34,18,29,25,6,13,8,21,54,31,33,16,9,13,18,7,11
2022-04-30,Canisius,St. Bonaventure,Away,W,12,13,NA,12,6,18,52,28,34,13,4,13,8,21,35,21,30,14,9,13,8,12,16
2022-02-12,Cleveland St.,Ohio St.,Away,L,9,17,NA,9,4,13,32,16,17,19,6,17,10,27,53,29,49,19,10,17,12,9,7
2022-02-19,Cleveland St.,Mercer,Home,W,9,11,NA,9,5,14,49,27,28,15,6,11,3,14,43,22,33,15,6,11,11,9,18
2022-02-26,Cleveland St.,Michigan,Away,L,5,13,NA,5,2,7,32,16,16,26,7,13,9,22,49,30,31,19,14,13,17,5,11
2022-03-06,Cleveland St.,Canisius,Away,L,12,10,NA,12,6,18,48,26,33,18,5,10,5,15,49,25,38,15,8,10,15,12,14
2022-03-11,Cleveland St.,St. Bonaventure,Away,L,5,12,NA,5,4,9,32,24,21,13,6,12,6,18,40,24,27,17,7,12,12,5,19
2022-03-13,Cleveland St.,St. Bonaventure,Home,L,10,11,NA,10,8,18,51,24,36,15,6,11,6,17,38,25,26,13,4,11,14,10,14
2022-03-19,Cleveland St.,Hampton,Away,W,19,6,NA,19,15,34,52,33,42,18,10,6,4,10,34,25,31,24,3,6,19,19,14
2022-03-26,Cleveland St.,VMI,Home,W,22,10,NA,22,14,36,45,30,50,17,8,10,4,14,35,21,26,15,5,10,11,22,8
2022-04-02,Cleveland St.,Bellarmine,Away,W,11,15,NA,11,5,16,36,16,14,14,2,15,9,24,42,23,27,11,9,15,8,11,5
2022-04-09,Cleveland St.,Utah,Home,L,11,15,NA,11,6,17,43,25,26,13,4,15,10,25,48,36,41,13,4,15,21,11,14
2022-04-16,Cleveland St.,Air Force,Away,L,8,12,NA,8,6,14,34,21,27,19,7,12,5,17,45,30,31,19,11,12,18,8,13
2022-04-23,Cleveland St.,Detroit Mercy,Away,W,12,13,NA,12,6,18,36,23,33,16,7,13,5,18,40,25,37,13,7,13,12,12,11
2022-04-30,Cleveland St.,Robert Morris,Home,L,12,19,NA,12,8,20,46,34,40,19,5,19,15,34,48,33,45,13,7,19,14,12,22
2022-02-11,Colgate,High Point,Away,W,10,11,1,10,5,15,42,23,22,17,6,11,2,13,43,21,19,13,9,11,10,10,13
2022-02-13,Colgate,North Carolina,Away,L,9,15,NA,9,4,13,33,17,21,22,5,15,9,24,48,28,27,13,8,15,13,9,8
2022-02-19,Colgate,Air Force,Home,L,11,8,NA,11,7,18,39,27,32,17,6,8,5,13,46,27,22,10,9,8,19,11,16
2022-03-05,Colgate,Boston U.,Home,W,6,18,NA,6,2,8,33,21,28,17,5,18,14,32,45,28,38,15,12,18,10,6,15
2022-03-13,Colgate,Navy,Away,W,10,11,NA,10,3,13,28,18,32,19,10,11,9,20,39,23,33,18,5,11,12,10,8
2022-03-19,Colgate,Lafayette,Home,L,14,7,NA,14,7,21,40,22,29,19,3,7,7,14,39,24,18,10,3,7,17,14,8
2022-03-26,Colgate,Bucknell,Away,L,6,14,NA,6,1,7,42,22,22,20,4,14,8,22,40,29,37,14,10,14,15,6,16
2022-03-29,Colgate,Cornell,Home,W,9,16,NA,9,5,14,40,21,29,16,5,16,12,28,45,29,29,13,6,16,13,9,12
2022-04-02,Colgate,Harvard,Away,W,6,7,NA,6,6,12,31,14,29,22,7,7,4,11,38,22,31,20,7,7,15,6,8
2022-04-09,Colgate,Army West Point,Away,W,11,13,NA,11,5,16,34,22,23,17,8,13,7,20,52,26,30,14,9,13,13,11,11
2022-04-16,Colgate,Lehigh,Home,W,9,8,1,9,3,12,38,21,18,7,8,8,4,12,42,23,29,18,5,8,15,9,12
2022-04-23,Colgate,Loyola Maryland,Home,L,10,11,1,10,5,15,46,21,24,17,6,11,6,17,31,20,23,13,6,11,9,10,11
2022-04-29,Colgate,Holy Cross,Away,L,14,12,NA,14,7,21,46,31,27,14,7,12,5,17,35,22,24,19,7,12,10,14,17
2022-02-19,Cornell,UAlbany,Home,L,16,8,NA,16,11,27,38,25,31,18,7,8,8,16,39,17,31,25,6,8,9,16,9
2022-02-26,Cornell,Lehigh,Away,L,9,5,NA,9,4,13,34,20,35,18,8,5,2,7,44,20,30,15,11,5,15,9,11
2022-03-01,Cornell,Hobart,Home,W,15,12,NA,15,9,24,51,28,38,19,10,12,4,16,38,22,32,14,11,12,10,15,13
2022-03-05,Cornell,Ohio St.,Home,W,14,11,NA,14,8,22,41,24,29,15,7,11,5,16,35,22,29,17,7,11,11,14,10
2022-03-12,Cornell,Penn St.,Away,L,16,15,NA,16,9,25,51,32,41,13,8,15,11,26,45,26,35,16,6,15,11,16,16
2022-03-19,Cornell,Yale,Home,W,13,12,NA,13,6,19,47,31,38,15,13,12,4,16,51,30,49,18,9,12,18,13,18
2022-03-26,Cornell,Penn,Away,W,11,15,NA,11,8,19,42,26,24,14,12,15,9,24,52,27,46,20,11,15,12,11,15
2022-03-29,Cornell,Colgate,Away,W,16,9,NA,16,12,28,45,29,29,13,6,9,5,14,40,21,29,16,5,9,12,16,13
2022-04-02,Cornell,Dartmouth,Away,L,8,7,NA,8,4,12,38,24,27,15,11,7,5,12,44,15,34,19,2,7,8,8,16
2022-04-09,Cornell,Harvard,Home,L,17,9,NA,17,10,27,40,31,43,21,10,9,3,12,38,21,33,19,9,9,12,17,14
2022-04-11,Cornell,Syracuse,Away,L,16,15,1,16,10,26,41,24,28,12,3,15,5,20,43,23,26,9,10,15,8,16,8
2022-04-16,Cornell,Army West Point,Home,L,10,17,NA,10,5,15,36,22,30,14,10,17,6,23,44,28,37,19,3,17,11,10,12
2022-04-23,Cornell,Brown,Home,W,8,13,NA,8,5,13,56,32,36,10,7,13,11,24,36,28,26,20,3,13,15,8,24
2022-04-30,Cornell,Princeton,Away,L,18,15,NA,18,8,26,52,30,48,12,9,15,8,23,43,25,38,14,8,15,10,18,12
2022-05-06,Cornell,"Yale Providence, R.I.",Away,W,11,14,NA,11,4,15,46,25,35,16,7,14,8,22,52,27,34,17,7,14,13,11,14
2022-05-15,Cornell,Ohio St.,Home,L,15,8,NA,15,10,25,43,29,33,13,8,8,3,11,32,21,23,16,5,8,13,15,14
2022-05-22,Cornell,"Delaware Columbus, Ohio",Away,W,10,8,NA,10,2,12,37,22,37,18,8,8,7,15,39,23,30,12,10,8,15,10,12
2022-05-28,Cornell,"Rutgers East Hartford, Conn.",Away,L,17,10,NA,17,5,22,37,30,45,12,6,10,7,17,45,26,36,15,6,10,16,17,13
2022-05-30,Cornell,"Maryland East Hartford, Conn.",Away,W,7,9,NA,7,4,11,40,24,32,14,11,9,9,18,37,18,43,22,8,9,9,7,17
2022-02-19,Dartmouth,Merrimack,Home,L,6,8,NA,6,2,8,45,27,26,18,8,8,5,13,38,24,24,16,7,8,16,6,21
2022-02-26,Dartmouth,Bryant,Away,W,11,9,NA,11,4,15,40,21,30,24,13,9,4,13,51,28,34,20,11,9,19,11,10
2022-03-05,Dartmouth,Siena,Away,W,11,9,NA,11,8,19,52,25,41,16,11,9,7,16,35,18,31,22,9,9,9,11,14
2022-03-08,Dartmouth,Vermont,Home,W,8,7,NA,8,6,14,31,17,33,29,11,7,5,12,41,27,24,22,16,7,20,8,9
2022-03-19,Dartmouth,St. John's (NY),Home,W,17,10,NA,17,13,30,53,32,36,12,10,10,10,20,29,18,28,20,4,10,8,17,15
2022-03-22,Dartmouth,Ohio St.,Away,L,6,12,NA,6,1,7,36,18,26,14,5,12,8,20,44,26,36,16,2,12,14,6,12
2022-03-26,Dartmouth,Harvard,Away,W,10,19,NA,10,4,14,30,20,33,17,6,19,6,25,51,32,42,16,11,19,13,10,10
2022-04-02,Dartmouth,Cornell,Home,L,7,8,NA,7,5,12,44,15,34,19,2,8,4,12,38,24,27,15,11,8,16,7,8
2022-04-05,Dartmouth,Stony Brook,Home,L,13,14,NA,13,8,21,49,29,37,17,9,14,6,20,37,25,31,19,9,14,11,13,16
2022-04-09,Dartmouth,Yale,Home,W,6,23,NA,6,5,11,37,17,31,22,4,23,14,37,62,34,34,16,9,23,11,6,11
2022-04-16,Dartmouth,Princeton,Away,W,10,12,NA,10,5,15,41,25,37,20,5,12,7,19,54,28,36,15,18,12,16,10,15
2022-04-23,Dartmouth,Penn,Home,L,12,16,NA,12,6,18,42,24,33,18,8,16,7,23,33,25,29,20,13,16,9,12,12
2022-04-30,Dartmouth,Brown,Away,L,6,15,NA,6,4,10,35,17,22,17,4,15,10,25,52,30,33,18,7,15,15,6,11
2022-02-05,Delaware,NJIT,Home,L,19,9,NA,19,9,28,34,26,24,13,9,9,6,15,30,15,27,25,3,9,6,19,7
2022-02-12,Delaware,Mount St. Mary's,Home,L,12,6,NA,12,8,20,45,22,43,23,9,6,2,8,43,22,32,19,12,6,16,12,10
2022-02-15,Delaware,Saint Joseph's,Away,L,12,11,NA,12,6,18,35,26,23,12,8,11,8,19,37,22,23,20,6,11,11,12,14
2022-02-22,Delaware,Duke,Away,W,14,19,NA,14,5,19,38,25,21,11,3,19,9,28,45,30,36,15,5,19,11,14,11
2022-02-26,Delaware,Monmouth,Home,L,17,6,NA,17,11,28,57,37,32,9,9,6,4,10,26,14,26,20,6,6,8,17,20
2022-03-05,Delaware,Michigan,Away,L,8,18,NA,8,5,13,51,28,25,12,5,18,12,30,51,30,27,12,8,18,12,8,20
2022-03-11,Delaware,Marist,Home,L,18,9,NA,18,13,31,58,33,34,14,7,9,5,14,33,14,23,17,7,9,5,18,15
2022-03-20,Delaware,Johns Hopkins,Home,W,12,10,NA,12,8,20,38,25,34,18,7,10,8,18,45,22,26,15,11,10,12,12,13
2022-03-26,Delaware,Villanova,Away,W,13,18,NA,13,7,20,43,30,33,15,3,18,14,32,50,28,31,14,11,18,10,13,17
2022-04-02,Delaware,Massachusetts,Away,W,10,11,1,10,6,16,44,30,28,9,3,11,5,16,42,27,40,17,4,11,16,10,20
2022-04-09,Delaware,Hofstra,Home,L,11,12,NA,11,5,16,32,22,32,11,8,12,5,17,44,27,27,17,6,12,15,11,11
2022-04-16,Delaware,Towson,Home,W,11,10,NA,11,6,17,32,24,27,16,11,10,6,16,47,27,32,16,11,10,17,11,13
2022-04-23,Delaware,Drexel,Away,L,16,15,NA,16,8,24,44,28,26,10,4,15,11,26,36,24,25,12,0,15,9,16,12
2022-04-30,Delaware,Fairfield,Away,L,14,12,NA,14,10,24,41,21,32,20,7,12,5,17,54,31,41,8,12,12,19,14,7
2022-05-05,Delaware,Drexel,Away,W,19,6,NA,19,13,32,47,29,29,12,4,6,3,9,35,15,19,14,5,6,9,19,10
2022-05-07,Delaware,"Towson Philadelphia, Pa.",Away,W,11,6,NA,11,3,14,42,26,29,17,8,6,4,10,29,12,22,20,2,6,6,11,15
2022-05-11,Delaware,Robert Morris,Home,L,20,8,NA,20,12,32,51,33,38,13,11,8,5,13,30,17,21,17,6,8,9,20,13
2022-05-15,Delaware,Georgetown,Away,W,10,9,NA,10,7,17,36,22,28,12,7,9,4,13,46,23,30,14,8,9,14,10,12
2022-05-22,Delaware,"Cornell Columbus, Ohio",Away,L,8,10,NA,8,7,15,39,23,30,12,10,10,2,12,37,22,37,18,8,10,12,8,15
2022-02-05,Denver,Utah,Away,L,14,13,NA,14,8,22,41,24,31,15,5,13,10,23,42,25,30,13,8,13,12,14,10
2022-02-12,Denver,Air Force,Home,L,13,9,NA,13,9,22,45,31,37,15,10,9,6,15,33,16,27,18,7,9,7,13,18
2022-02-19,Denver,Duke,Away,W,10,19,NA,10,6,16,42,21,19,17,7,19,10,29,44,33,36,15,8,19,14,10,11
2022-02-26,Denver,Jacksonville,Home,W,9,11,NA,9,3,12,38,20,22,22,8,11,7,18,39,29,42,21,13,11,18,9,11
2022-02-27,Denver,Canisius,Home,L,20,9,NA,20,11,31,55,31,31,12,10,9,4,13,42,14,34,20,4,9,5,20,11
2022-03-05,Denver,North Carolina,Away,W,16,17,NA,16,11,27,40,30,18,16,1,17,12,29,55,31,34,12,7,17,14,16,14
2022-03-13,Denver,Yale,Home,L,13,16,NA,13,8,21,58,28,32,10,7,16,8,24,42,25,25,10,4,16,9,13,15
2022-03-20,Denver,Ohio St.,Away,L,14,12,NA,14,10,24,44,22,24,11,8,12,5,17,43,23,19,12,3,12,11,14,8
2022-03-26,Denver,Towson,Home,L,12,9,NA,12,10,22,52,31,36,10,4,9,4,13,37,19,16,9,1,9,10,12,19
2022-04-02,Denver,Georgetown,Home,W,9,17,NA,9,8,17,36,22,23,14,4,17,13,30,58,34,33,15,5,17,17,9,13
2022-04-09,Denver,Villanova,Away,L,12,10,NA,12,5,17,40,22,22,13,7,10,6,16,48,25,24,11,5,10,15,12,10
2022-04-16,Denver,St. John's (NY),Home,L,18,4,NA,18,12,30,54,33,37,7,12,4,4,8,25,16,25,17,3,4,12,18,15
2022-04-23,Denver,Providence,Away,W,16,3,NA,16,9,25,41,22,28,19,7,3,3,6,39,16,28,21,4,3,13,16,6
2022-04-29,Denver,Marquette,Home,L,16,8,NA,16,10,26,49,32,32,10,6,8,5,13,36,20,31,16,8,8,12,16,16
2022-05-05,Denver,"Villanova Washington, D.C.",Away,W,14,15,NA,14,9,23,53,27,29,14,5,15,9,24,42,25,34,13,10,15,10,14,13
2022-02-05,Detroit Mercy,Ohio St.,Away,L,7,18,NA,7,0,7,27,16,27,20,10,18,11,29,49,31,47,18,11,18,13,7,9
2022-02-12,Detroit Mercy,Michigan,Away,L,5,21,NA,5,3,8,25,13,32,28,3,21,13,34,66,49,48,14,18,21,28,5,8
2022-02-19,Detroit Mercy,Notre Dame,Away,W,2,24,NA,2,1,3,38,20,25,21,5,24,15,39,53,37,33,18,11,24,13,2,18
2022-03-05,Detroit Mercy,Marquette,Away,L,7,13,NA,7,4,11,38,13,26,22,11,13,6,19,46,28,35,23,14,13,15,7,6
2022-03-12,Detroit Mercy,VMI,Home,W,16,11,NA,16,6,22,50,26,40,12,7,11,5,16,35,18,28,21,5,11,7,16,10
2022-03-26,Detroit Mercy,High Point,Away,L,8,18,NA,8,3,11,43,22,32,26,9,18,10,28,54,33,40,20,20,18,15,8,14
2022-04-02,Detroit Mercy,Robert Morris,Home,W,5,12,NA,5,0,5,38,20,38,22,5,12,9,21,47,25,44,19,12,12,13,5,15
2022-04-09,Detroit Mercy,Air Force,Home,W,4,13,NA,4,2,6,26,15,34,23,6,13,6,19,54,30,41,19,11,13,17,4,11
2022-04-16,Detroit Mercy,Bellarmine,Away,L,8,13,NA,8,4,12,37,21,18,17,8,13,7,20,47,24,25,16,10,13,11,8,13
2022-04-23,Detroit Mercy,Cleveland St.,Home,W,13,12,NA,13,5,18,40,25,37,13,7,12,6,18,36,23,33,16,7,12,11,13,12
2022-04-30,Detroit Mercy,Utah,Away,L,9,16,NA,9,3,12,45,19,27,22,1,16,10,26,52,29,29,14,6,16,13,9,10
2022-02-19,Drexel,UMBC,Away,L,8,12,NA,8,4,12,33,19,22,12,6,12,2,14,59,25,38,20,1,12,13,8,11
2022-02-22,Drexel,Lafayette,Away,W,11,13,NA,11,4,15,40,22,32,17,12,13,6,19,36,23,30,19,10,13,10,11,11
2022-02-26,Drexel,UAlbany,Home,W,14,12,NA,14,11,25,39,20,28,19,8,12,6,18,38,26,32,21,5,12,14,14,6
2022-03-05,Drexel,LIU,Away,W,10,8,NA,10,9,19,28,20,39,16,3,8,5,13,47,28,57,10,9,8,20,10,10
2022-03-08,Drexel,Saint Joseph's,Home,W,18,17,NA,18,12,30,44,30,23,9,7,17,5,22,49,26,36,16,5,17,9,18,12
2022-03-12,Drexel,Marquette,Away,L,11,10,2,11,6,17,32,23,27,17,11,10,4,14,51,25,42,24,9,10,15,11,12
2022-03-19,Drexel,Villanova,Away,W,12,15,NA,12,9,21,36,23,28,17,4,15,10,25,46,26,29,12,10,15,11,12,11
2022-03-26,Drexel,Robert Morris,Away,W,14,15,NA,14,12,26,39,24,36,19,7,15,10,25,46,32,45,21,5,15,17,14,10
2022-04-02,Drexel,Towson,Home,L,12,13,NA,12,4,16,42,28,36,16,14,13,7,20,39,24,38,23,8,13,11,12,16
2022-04-09,Drexel,Fairfield,Home,W,19,18,NA,19,14,33,49,26,38,24,6,18,10,28,46,28,37,12,4,18,10,19,7
2022-04-16,Drexel,Hofstra,Away,W,10,7,NA,10,8,18,43,25,38,16,11,7,4,11,30,17,27,20,8,7,10,10,15
2022-04-23,Drexel,Delaware,Home,L,15,16,NA,15,11,26,36,24,25,12,0,16,8,24,44,28,26,10,4,16,12,15,9
2022-04-29,Drexel,Massachusetts,Away,L,7,13,NA,7,1,8,29,13,20,18,4,13,6,19,43,27,41,13,10,13,14,7,6
2022-05-05,Drexel,Delaware,Home,W,6,19,NA,6,3,9,35,15,19,14,5,19,13,32,47,29,29,12,4,19,10,6,9
2022-02-04,Duke,Robert Morris,Home,W,21,12,NA,21,12,33,50,35,49,23,11,12,7,19,42,28,34,27,9,12,16,21,14
2022-02-06,Duke,Vermont,Home,L,15,7,NA,15,6,21,39,26,28,12,12,7,2,9,36,22,29,17,6,7,15,15,11
2022-02-11,Duke,Manhattan,Home,L,17,7,NA,17,12,29,56,36,37,13,15,7,2,9,23,15,27,25,1,7,8,17,19
2022-02-13,Duke,Jacksonville,Home,L,12,14,NA,12,8,20,44,22,36,17,7,14,5,19,39,30,36,16,8,14,16,12,10
2022-02-19,Duke,Denver,Home,W,19,10,NA,19,10,29,44,33,36,15,8,10,6,16,42,21,19,17,7,10,11,19,14
2022-02-22,Duke,Delaware,Home,W,19,14,NA,19,9,28,45,30,36,15,5,14,5,19,38,25,21,11,3,14,11,19,11
2022-02-26,Duke,Penn,Home,L,13,14,1,13,6,19,51,24,37,16,7,14,8,22,35,24,19,13,3,14,10,13,11
2022-03-01,Duke,High Point,Away,L,18,14,NA,18,11,29,46,32,29,14,6,14,9,23,37,25,26,8,7,14,11,18,14
2022-03-05,Duke,Richmond,Home,L,14,8,NA,14,8,22,56,30,29,13,5,8,5,13,42,28,25,14,5,8,20,14,16
2022-03-13,Duke,Loyola Maryland,Away,W,10,12,NA,10,5,15,36,18,37,18,3,12,8,20,45,25,35,14,10,12,13,10,8
2022-03-19,Duke,"Towson Washington, D.C.",Away,W,14,7,NA,14,9,23,50,29,43,17,8,7,6,13,35,22,22,17,5,7,15,14,15
2022-03-26,Duke,Syracuse,Away,W,10,14,NA,10,3,13,33,20,26,17,5,14,9,23,61,24,32,14,12,14,10,10,10
2022-04-02,Duke,North Carolina,Away,W,15,6,NA,15,5,20,48,34,35,11,3,6,4,10,40,25,21,13,3,6,19,15,19
2022-04-09,Duke,Notre Dame,Home,L,15,16,NA,15,8,23,40,26,23,11,6,16,9,25,41,21,37,15,4,16,5,15,11
2022-04-14,Duke,Virginia,Home,L,17,8,NA,17,10,27,40,26,39,19,7,8,4,12,49,30,30,12,7,8,22,17,9
2022-05-01,Duke,North Carolina,Home,W,19,11,NA,19,11,30,41,31,37,15,9,11,7,18,44,23,30,16,6,11,12,19,12
2022-05-07,Duke,Notre Dame,Away,W,14,16,NA,14,9,23,32,26,31,14,6,16,9,25,44,33,32,12,10,16,17,14,12
2022-02-12,Fairfield,Stony Brook,Away,W,12,13,NA,12,7,19,44,25,42,20,11,13,6,19,54,27,39,17,11,13,14,12,13
2022-02-19,Fairfield,Wagner,Home,L,16,9,NA,16,7,23,34,26,43,20,12,9,4,13,42,17,29,20,10,9,8,16,10
2022-02-26,Fairfield,Villanova,Away,L,9,16,NA,9,5,14,35,21,28,16,10,16,8,24,42,26,39,17,11,16,10,9,12
2022-03-01,Fairfield,Sacred Heart,Away,L,19,16,NA,19,9,28,47,33,40,17,0,16,5,21,52,33,42,7,11,16,17,19,14
2022-03-05,Fairfield,Harvard,Home,L,12,16,NA,12,7,19,45,24,35,22,13,16,9,25,47,29,38,17,11,16,13,12,12
2022-03-08,Fairfield,Quinnipiac,Home,W,14,10,NA,14,10,24,40,25,29,20,6,10,6,16,45,25,32,14,10,10,15,14,11
2022-03-14,Fairfield,Binghamton,Away,L,16,11,NA,16,10,26,45,27,25,21,6,11,4,15,53,32,37,18,11,11,21,16,11
2022-03-19,Fairfield,Providence,Home,W,15,11,NA,15,8,23,52,28,34,15,8,11,3,14,57,34,30,14,5,11,23,15,13
2022-03-22,Fairfield,St. John's (NY),Home,L,14,17,NA,14,7,21,50,31,40,18,10,17,11,28,42,26,27,15,10,17,9,14,17
2022-04-02,Fairfield,Hofstra,Home,W,12,10,NA,12,5,17,43,30,34,16,14,10,7,17,33,16,30,20,12,10,6,12,18
2022-04-09,Fairfield,Drexel,Away,W,18,19,NA,18,10,28,46,28,37,12,4,19,14,33,49,26,38,24,6,19,7,18,10
2022-04-16,Fairfield,Massachusetts,Away,L,16,13,NA,16,10,26,48,33,29,10,5,13,9,22,44,27,30,16,4,13,14,16,17
2022-04-23,Fairfield,Towson,Home,W,8,12,NA,8,3,11,38,24,24,17,8,12,3,15,42,25,29,16,12,12,13,8,16
2022-04-30,Fairfield,Delaware,Home,L,12,14,NA,12,5,17,54,31,41,8,12,14,10,24,41,21,32,20,7,14,7,12,19
2022-02-13,Georgetown,Johns Hopkins,Home,L,16,8,NA,16,8,24,48,28,37,12,6,8,3,11,43,25,29,16,5,8,17,16,12
2022-02-19,Georgetown,Penn,Away,W,10,8,NA,10,5,15,47,22,37,17,9,8,6,14,39,19,28,15,7,8,11,10,12
2022-02-26,Georgetown,Notre Dame,Away,L,16,11,NA,16,9,25,38,25,29,20,3,11,4,15,52,35,38,10,14,11,24,16,9
2022-03-01,Georgetown,Mount St. Mary's,Home,L,21,4,NA,21,12,33,51,31,41,17,17,4,1,5,28,11,32,28,8,4,7,21,10
2022-03-05,Georgetown,Princeton,Home,W,8,10,NA,8,2,10,38,25,36,22,10,10,5,15,39,25,34,14,17,10,15,8,17
2022-03-12,Georgetown,Richmond,Away,L,15,10,NA,15,7,22,45,29,41,17,12,10,7,17,37,17,23,16,7,10,7,15,14
2022-03-19,Georgetown,Utah,Home,L,16,6,NA,16,10,26,46,28,31,10,11,6,4,10,33,18,25,19,4,6,12,16,12
2022-03-26,Georgetown,Lehigh,Away,L,14,11,NA,14,10,24,36,25,37,15,11,11,8,19,27,20,39,23,10,11,9,14,11
2022-04-02,Georgetown,Denver,Away,W,17,9,NA,17,13,30,58,34,33,15,5,9,8,17,36,22,23,14,4,9,13,17,17
2022-04-09,Georgetown,Providence,Away,W,15,5,NA,15,10,25,57,33,49,13,7,5,2,7,30,13,20,14,5,5,8,15,18
2022-04-16,Georgetown,Marquette,Home,W,20,10,NA,20,16,36,63,46,53,13,22,10,6,16,32,23,25,27,3,10,13,20,26
2022-04-19,Georgetown,Loyola Maryland,Home,L,14,7,NA,14,7,21,56,33,39,13,11,7,5,12,36,19,32,25,5,7,12,14,19
2022-04-23,Georgetown,St. John's (NY),Home,L,23,6,NA,23,16,39,57,36,45,17,11,6,5,11,28,22,22,18,5,6,16,23,13
2022-04-29,Georgetown,Villanova,Away,W,13,7,NA,13,9,22,45,29,27,10,10,7,6,13,32,18,23,18,3,7,11,13,16
2022-05-05,Georgetown,Marquette,Home,L,15,5,NA,15,6,21,47,27,29,14,6,5,3,8,39,17,26,15,5,5,12,15,12
2022-05-07,Georgetown,Villanova,Home,W,14,12,NA,14,3,17,53,31,46,16,10,12,4,16,48,29,33,16,3,12,17,14,17
2022-05-15,Georgetown,Delaware,Home,W,9,10,NA,9,4,13,46,23,30,14,8,10,7,17,36,22,28,12,7,10,12,9,14
2022-02-19,Hampton,Mount St. Mary's,Away,L,5,17,NA,5,4,9,29,19,29,32,4,17,12,29,60,40,44,21,12,17,23,5,14
2022-02-21,Hampton,VMI,Home,W,6,15,NA,6,2,8,26,14,30,37,5,15,11,26,66,42,38,13,21,15,27,6,8
2022-02-26,Hampton,Bellarmine,Away,L,3,23,NA,3,1,4,18,10,24,34,6,23,15,38,59,34,41,18,17,23,11,3,7
2022-03-05,Hampton,St. Bonaventure,Away,W,0,21,NA,0,0,0,7,4,16,25,10,21,16,37,54,38,43,18,16,21,17,0,4
2022-03-19,Hampton,Cleveland St.,Home,W,6,19,NA,6,4,10,34,25,31,24,3,19,15,34,52,33,42,18,10,19,14,6,19
2022-03-26,Hampton,Richmond,Home,W,5,20,NA,5,2,7,12,8,12,15,9,20,18,38,55,51,35,9,15,20,31,5,3
2022-04-09,Hampton,Mercer,Away,L,6,22,NA,6,0,6,29,17,24,22,10,22,21,43,43,29,30,19,12,22,7,6,11
2022-04-15,Hampton,High Point,Home,W,8,25,NA,8,1,9,23,17,14,20,5,25,14,39,55,44,36,10,11,25,19,8,9
2022-04-17,Hampton,Jacksonville,Home,W,3,26,NA,3,0,3,20,9,15,23,13,26,16,42,56,41,22,13,23,26,15,3,6
2022-04-23,Hampton,VMI,Away,L,5,21,NA,5,3,8,21,13,25,23,5,21,19,40,83,44,49,6,20,21,23,5,8
2022-02-19,Harvard,NJIT,Home,L,17,4,NA,17,4,21,47,31,35,23,17,4,1,5,27,13,20,28,11,4,9,17,14
2022-02-26,Harvard,"Ohio St. Naples, Fla.",Away,W,12,17,NA,12,6,18,38,22,33,20,12,17,9,26,42,27,36,22,5,17,10,12,10
2022-03-05,Harvard,Fairfield,Away,L,16,12,NA,16,9,25,47,29,38,17,11,12,7,19,45,24,35,22,13,12,12,16,13
2022-03-12,Harvard,Michigan,Away,W,14,9,NA,14,10,24,40,30,28,12,9,9,6,15,51,21,27,11,8,9,12,14,16
2022-03-19,Harvard,Brown,Home,W,12,11,NA,12,8,20,34,20,23,19,6,11,7,18,48,29,27,20,6,11,18,12,8
2022-03-22,Harvard,Boston U.,Home,W,13,10,NA,13,6,19,37,25,36,22,7,10,5,15,44,22,36,21,15,10,12,13,12
2022-03-26,Harvard,Dartmouth,Home,W,19,10,NA,19,6,25,51,32,42,16,11,10,4,14,30,20,33,17,6,10,10,19,13
2022-04-02,Harvard,Colgate,Home,W,7,6,NA,7,4,11,38,22,31,20,7,6,6,12,31,14,29,22,7,6,8,7,15
2022-04-09,Harvard,Cornell,Away,L,9,17,NA,9,3,12,38,21,33,19,9,17,10,27,40,31,43,21,10,17,14,9,12
2022-04-16,Harvard,Penn,Away,L,8,11,NA,8,4,12,36,28,35,18,16,11,7,18,44,24,35,23,10,11,13,8,20
2022-04-23,Harvard,Princeton,Home,W,19,16,NA,19,9,28,44,30,31,18,4,16,8,24,55,34,36,9,7,16,18,19,11
2022-04-30,Harvard,Yale,Away,W,16,17,1,16,8,24,49,28,45,17,13,17,12,29,47,29,42,16,9,17,12,16,12
2022-05-15,Harvard,"Rutgers Piscataway, N.J.",Away,L,9,19,NA,9,6,15,36,26,27,15,9,19,12,31,47,32,37,15,6,19,13,9,17
2022-02-05,High Point,Maryland,Away,W,13,21,NA,13,8,21,39,22,42,20,5,21,13,34,45,30,32,15,5,21,9,13,9
2022-02-11,High Point,Colgate,Home,W,11,10,1,11,2,13,43,21,19,13,9,10,5,15,42,23,22,17,6,10,13,11,10
2022-02-13,High Point,Virginia,Away,W,10,11,NA,10,4,14,42,26,35,14,3,11,6,17,45,24,40,16,8,11,13,10,16
2022-02-26,High Point,Navy,Away,L,14,13,NA,14,8,22,37,24,27,14,4,13,8,21,38,21,44,14,6,13,8,14,10
2022-03-01,High Point,Duke,Home,L,14,18,NA,14,9,23,37,25,26,8,7,18,11,29,46,32,29,14,6,18,14,14,11
2022-03-05,High Point,Bellarmine,Home,L,15,4,NA,15,11,26,57,30,31,17,12,4,1,5,24,13,19,21,7,4,9,15,15
2022-03-11,High Point,Robert Morris,Away,L,13,11,NA,13,9,22,30,21,31,17,8,11,7,18,44,28,32,21,6,11,17,13,8
2022-03-20,High Point,North Carolina,Home,L,12,14,NA,12,6,18,39,27,27,12,10,14,9,23,44,26,29,12,4,14,12,12,15
2022-03-26,High Point,Detroit Mercy,Home,L,18,8,NA,18,10,28,54,33,40,20,20,8,3,11,43,22,32,26,9,8,14,18,15
2022-04-02,High Point,Jacksonville,Away,W,13,14,NA,13,7,20,40,23,30,13,9,14,9,23,38,21,30,14,8,14,7,13,10
2022-04-08,High Point,VMI,Home,L,16,5,NA,16,9,25,53,26,40,23,8,5,1,6,35,21,23,17,7,5,16,16,10
2022-04-15,High Point,Hampton,Away,W,25,8,NA,25,14,39,55,44,36,10,11,8,1,9,23,17,14,20,5,8,9,25,19
2022-04-23,High Point,Richmond,Home,W,5,16,NA,5,4,9,40,25,25,18,13,16,9,25,40,30,31,19,6,16,14,5,20
2022-04-30,High Point,Mercer,Away,W,11,14,NA,11,2,13,30,25,13,13,8,14,8,22,48,27,31,21,7,14,13,11,14
2022-05-05,High Point,"Richmond High Point, N.C.",Away,W,11,12,NA,11,6,17,46,29,29,14,8,12,8,20,42,20,34,15,7,12,8,11,18
2022-02-12,Hobart Statesmen,Canisius,Home,W,22,13,NA,22,14,36,60,40,43,13,12,13,4,17,43,25,26,17,3,13,12,22,18
2022-02-19,Hobart Statesmen,Lehigh,Home,W,14,13,NA,14,6,20,45,23,25,16,6,13,8,21,47,27,23,16,5,13,14,14,9
2022-03-01,Hobart Statesmen,Cornell,Away,W,12,15,NA,12,4,16,38,22,32,14,11,15,9,24,51,28,38,19,10,15,13,12,10
2022-03-06,Hobart Statesmen,Syracuse,Away,W,16,18,NA,16,10,26,43,27,23,11,5,18,10,28,46,27,37,16,7,18,9,16,11
2022-03-19,Hobart Statesmen,Sacred Heart,Away,W,8,9,1,8,5,13,46,22,34,18,9,9,5,14,34,19,22,21,7,9,10,8,14
2022-03-26,Hobart Statesmen,Bryant,Home,L,11,14,NA,11,8,19,54,20,31,16,10,14,8,22,40,21,33,22,8,14,7,11,9
2022-04-02,Hobart Statesmen,Saint Joseph's,Away,W,12,16,NA,12,3,15,47,24,20,12,4,16,7,23,32,25,27,16,2,16,9,12,12
2022-04-09,Hobart Statesmen,Wagner,Home,L,12,3,NA,12,6,18,55,35,37,17,13,3,1,4,35,12,27,22,4,3,9,12,23
2022-04-16,Hobart Statesmen,Merrimack,Away,L,12,11,NA,12,4,16,52,26,33,17,9,11,6,17,42,25,35,18,8,11,14,12,14
2022-04-23,Hobart Statesmen,LIU,Home,W,22,19,NA,22,14,36,53,35,38,18,4,19,16,35,43,30,38,14,8,19,11,22,13
2022-04-30,Hobart Statesmen,Mount St. Mary's,Home,L,14,7,NA,14,9,23,74,36,48,10,10,7,4,11,31,17,19,18,5,7,10,14,22
2022-05-05,Hobart Statesmen,"Bryant Philadelphia, Pa.",Away,W,21,5,NA,21,9,30,54,38,38,16,14,5,1,6,37,18,36,21,11,5,13,21,17
2022-05-07,Hobart Statesmen,Saint Joseph's,Away,L,7,14,NA,7,5,12,38,23,25,13,6,14,6,20,44,24,29,14,8,14,10,7,16
2022-02-06,Hofstra,Merrimack,Home,W,8,7,NA,8,7,15,31,18,25,17,6,7,5,12,36,23,22,13,3,7,16,8,10
2022-02-12,Hofstra,Sacred Heart,Home,L,21,9,NA,21,10,31,42,34,43,15,14,9,7,16,32,17,25,29,4,9,8,21,13
2022-02-18,Hofstra,Navy,Home,W,6,13,NA,6,0,6,30,13,30,24,6,13,9,22,38,24,30,18,9,13,11,6,7
2022-02-25,Hofstra,LIU,Home,L,11,14,NA,11,5,16,30,15,33,22,8,14,8,22,40,28,42,21,12,14,14,11,4
2022-02-27,Hofstra,St. John's (NY),Home,L,12,6,NA,12,4,16,37,22,37,18,8,6,3,9,32,20,23,15,5,6,14,12,10
2022-03-05,Hofstra,Villanova,Away,W,6,8,NA,6,3,9,17,9,13,21,8,8,4,12,52,25,31,16,11,8,17,6,3
2022-03-08,Hofstra,Binghamton,Home,W,6,12,NA,6,4,10,31,11,22,21,6,12,4,16,42,22,36,25,10,12,10,6,5
2022-03-12,Hofstra,Manhattan,Home,W,8,4,NA,8,2,10,33,19,34,22,7,4,3,7,30,15,22,16,8,4,11,8,11
2022-03-19,Hofstra,Rutgers,Home,L,10,22,NA,10,3,13,37,23,34,11,5,22,14,36,54,34,35,10,4,22,12,10,13
2022-03-26,Hofstra,Providence,Away,L,9,10,1,9,8,17,39,22,26,16,11,10,5,15,33,16,29,24,6,10,6,9,13
2022-04-02,Hofstra,Fairfield,Away,W,10,12,NA,10,7,17,33,16,30,20,12,12,5,17,43,30,34,16,14,12,18,10,6
2022-04-09,Hofstra,Delaware,Away,L,12,11,NA,12,5,17,44,27,27,17,6,11,5,16,32,22,32,11,8,11,11,12,15
2022-04-16,Hofstra,Drexel,Home,W,7,10,NA,7,4,11,30,17,27,20,8,10,8,18,43,25,38,16,11,10,15,7,10
2022-04-23,Hofstra,Massachusetts,Home,W,9,13,NA,9,5,14,38,24,25,9,8,13,6,19,37,24,34,15,2,13,11,9,15
2022-04-30,Hofstra,Towson,Away,L,15,14,NA,15,5,20,38,26,26,9,4,14,8,22,37,22,32,11,4,14,8,15,11
2022-02-05,Holy Cross,"Providence Smithfield, R.I.",Away,L,9,16,NA,9,6,15,48,26,29,20,7,16,7,23,43,29,28,13,7,16,13,9,17
2022-02-12,Holy Cross,Syracuse,Away,L,5,28,NA,5,3,8,26,14,26,21,3,28,16,44,49,34,48,12,11,28,6,5,9
2022-02-19,Holy Cross,Michigan,Away,L,3,20,NA,3,2,5,30,11,21,22,11,20,14,34,37,32,31,19,11,20,12,3,8
2022-02-27,Holy Cross,Merrimack,Home,W,9,11,NA,9,5,14,42,18,26,23,10,11,4,15,40,25,25,21,9,11,14,9,9
2022-03-06,Holy Cross,Army West Point,Away,L,8,14,NA,8,5,13,44,21,37,18,8,14,9,23,47,32,29,13,8,14,18,8,13
2022-03-13,Holy Cross,Lehigh,Away,L,7,17,NA,7,4,11,29,14,30,19,11,17,10,27,50,30,55,18,14,17,13,7,7
2022-03-19,Holy Cross,Boston U.,Home,L,10,16,NA,10,7,17,34,25,27,20,9,16,8,24,51,31,33,19,10,16,15,10,15
2022-03-26,Holy Cross,Navy,Away,L,8,14,NA,8,6,14,29,20,26,19,6,14,6,20,42,26,46,18,3,14,12,8,12
2022-04-02,Holy Cross,Loyola Maryland,Home,W,8,16,NA,8,6,14,33,18,18,22,5,16,10,26,51,33,35,14,14,16,17,8,10
2022-04-09,Holy Cross,Lafayette,Home,L,11,21,NA,11,7,18,31,20,20,16,6,21,7,28,40,31,25,11,6,21,10,11,9
2022-04-17,Holy Cross,Bucknell,Away,L,7,23,NA,7,4,11,29,15,27,21,8,23,19,42,65,43,49,17,9,23,20,7,8
2022-04-20,Holy Cross,UMass Lowell,Away,L,15,14,NA,15,10,25,39,25,41,18,8,14,8,22,49,27,28,14,5,14,13,15,10
2022-04-23,Holy Cross,Siena,Home,W,8,11,NA,8,3,11,41,21,35,22,8,11,6,17,38,24,26,16,10,11,13,8,13
2022-04-29,Holy Cross,Colgate,Home,L,12,14,NA,12,5,17,35,22,24,19,7,14,7,21,46,31,27,14,7,14,17,12,10
2022-02-05,Jacksonville,Johns Hopkins,Away,L,8,11,NA,8,3,11,32,16,32,21,7,11,5,16,45,28,35,17,11,11,17,8,8
2022-02-13,Jacksonville,Duke,Away,L,14,12,NA,14,5,19,39,30,36,16,8,12,8,20,44,22,36,17,7,12,10,14,16
2022-02-15,Jacksonville,"Mercer Savannah, Ga.",Away,L,21,12,NA,21,13,34,42,36,29,9,3,12,4,16,50,30,35,21,2,12,18,21,15
2022-02-19,Jacksonville,Marquette,Home,W,14,10,NA,14,7,21,38,26,35,20,12,10,2,12,33,24,31,18,7,10,14,14,12
2022-02-26,Jacksonville,Denver,Away,W,11,9,NA,11,7,18,39,29,42,21,13,9,3,12,38,20,22,22,8,9,11,11,18
2022-02-27,Jacksonville,Air Force,Away,W,15,9,NA,15,10,25,34,25,21,18,7,9,3,12,41,23,34,17,11,9,14,15,10
2022-03-06,Jacksonville,Utah,Home,L,10,16,NA,10,5,15,32,20,32,16,6,16,11,27,44,27,34,10,6,16,11,10,10
2022-03-11,Jacksonville,Bellarmine,Away,W,16,2,NA,16,12,28,43,33,36,32,9,2,1,3,18,12,23,33,14,2,10,16,17
2022-03-19,Jacksonville,UMass Lowell,Away,W,22,8,NA,22,14,36,40,26,31,16,7,8,3,11,49,25,35,14,8,8,17,22,4
2022-03-26,Jacksonville,St. John's (NY),Home,L,25,4,NA,25,14,39,52,41,39,16,13,4,2,6,25,14,18,17,8,4,10,25,16
2022-04-02,Jacksonville,High Point,Home,W,14,13,NA,14,9,23,38,21,30,14,8,13,7,20,40,23,30,13,9,13,10,14,7
2022-04-09,Jacksonville,Richmond,Home,W,13,11,NA,13,8,21,38,27,28,15,15,11,6,17,31,21,27,19,8,11,10,13,14
2022-04-16,Jacksonville,VMI,Away,W,25,6,NA,25,17,42,61,46,51,15,11,6,4,10,28,12,17,21,6,6,6,25,21
2022-04-17,Jacksonville,Hampton,Away,W,26,3,NA,26,16,42,56,41,22,13,23,3,0,3,20,9,15,23,13,3,6,26,15
2022-04-23,Jacksonville,Mercer,Home,L,17,5,NA,17,8,25,53,33,27,9,14,5,3,8,26,18,26,20,6,5,13,17,16
2022-05-05,Jacksonville,"VMI High Point, N.C.",Away,W,13,5,NA,13,10,23,47,27,37,17,13,5,0,5,33,15,23,20,7,5,10,13,14
2022-05-07,Jacksonville,"Richmond High Point, N.C.",Away,L,9,10,NA,9,3,12,32,16,28,18,7,10,4,14,46,21,33,13,12,10,11,9,7
2022-02-05,Johns Hopkins,Jacksonville,Home,L,11,8,NA,11,5,16,45,28,35,17,11,8,3,11,32,16,32,21,7,8,8,11,17
2022-02-11,Johns Hopkins,Towson,Away,L,18,12,NA,18,12,30,49,31,37,15,8,12,5,17,36,21,33,19,7,12,9,18,13
2022-02-13,Johns Hopkins,Georgetown,Away,L,8,16,NA,8,3,11,43,25,29,16,5,16,8,24,48,28,37,12,6,16,12,8,17
2022-02-19,Johns Hopkins,Loyola Maryland,Home,W,11,10,NA,11,8,19,30,15,27,25,5,10,8,18,44,24,33,17,13,10,14,11,4
2022-02-27,Johns Hopkins,North Carolina,Away,W,10,15,NA,10,6,16,35,19,31,15,5,15,10,25,51,35,33,14,8,15,20,10,9
2022-03-05,Johns Hopkins,Virginia,Away,L,8,19,NA,8,3,11,44,21,30,18,6,19,13,32,49,27,39,16,12,19,8,8,13
2022-03-13,Johns Hopkins,Syracuse,Home,L,10,7,NA,10,6,16,29,17,28,21,6,7,4,11,54,21,37,14,12,7,14,10,7
2022-03-18,Johns Hopkins,Navy,Home,L,10,11,NA,10,7,17,43,22,35,17,10,11,7,18,38,18,33,18,7,11,7,10,12
2022-03-20,Johns Hopkins,Delaware,Away,W,10,12,NA,10,8,18,45,22,26,15,11,12,8,20,38,25,34,18,7,12,13,10,12
2022-03-26,Johns Hopkins,Michigan,Home,W,15,12,NA,15,11,26,41,26,29,14,9,12,7,19,42,23,31,20,5,12,11,15,11
2022-04-03,Johns Hopkins,Rutgers,Away,L,7,12,NA,7,1,8,29,14,30,20,8,12,6,18,35,19,39,21,10,12,7,7,7
2022-04-09,Johns Hopkins,Ohio St.,Away,W,10,12,NA,10,8,18,41,18,29,12,4,12,6,18,44,22,36,9,5,12,10,10,8
2022-04-16,Johns Hopkins,Penn St.,Home,W,13,10,NA,13,12,25,51,31,40,14,12,10,7,17,34,18,27,17,6,10,8,13,18
2022-04-23,Johns Hopkins,Maryland,Home,W,7,22,NA,7,2,9,36,25,31,15,7,22,14,36,44,34,38,13,8,22,12,7,18
2022-04-30,Johns Hopkins,Penn St.,Home,L,16,8,NA,16,7,23,54,33,35,17,9,8,7,15,37,22,30,18,7,8,14,16,17
2022-05-05,Johns Hopkins,Maryland,Away,W,11,16,NA,11,7,18,35,25,27,16,6,16,14,30,42,25,32,13,12,16,9,11,14
2022-02-05,LIU,Rutgers,Away,L,6,15,NA,6,3,9,22,14,20,31,6,15,7,22,51,30,41,22,13,15,15,6,8
2022-02-12,LIU,Siena,Home,L,14,7,NA,14,8,22,43,28,57,17,9,7,7,14,42,25,53,21,4,7,18,14,14
2022-02-16,LIU,Quinnipiac,Home,L,12,7,NA,12,6,18,34,27,50,13,6,7,4,11,44,26,41,13,3,7,19,12,15
2022-02-25,LIU,Hofstra,Away,L,14,11,NA,14,8,22,40,28,42,21,12,11,5,16,30,15,33,22,8,11,4,14,14
2022-02-27,LIU,"Stony Brook Hempstead, NY",Away,L,6,10,NA,6,3,9,35,17,29,19,8,10,6,16,42,22,35,18,5,10,12,6,11
2022-03-05,LIU,Drexel,Home,W,8,10,NA,8,5,13,47,28,57,10,9,10,9,19,28,20,39,16,3,10,10,8,20
2022-03-12,LIU,Massachusetts,Away,L,7,12,NA,7,4,11,26,16,25,27,1,12,7,19,41,26,30,16,7,12,14,7,9
2022-03-19,LIU,Wagner,Home,L,12,7,NA,12,8,20,36,22,38,17,9,7,1,8,26,17,27,16,6,7,10,12,10
2022-03-26,LIU,Merrimack,Home,L,16,7,NA,16,10,26,31,25,40,18,7,7,6,13,32,21,28,13,9,7,14,16,9
2022-04-02,LIU,Bryant,Away,W,4,8,NA,4,2,6,35,24,20,16,9,8,5,13,39,26,39,21,9,8,18,4,20
2022-04-09,LIU,Mount St. Mary's,Away,L,14,10,NA,14,6,20,31,20,25,27,4,10,8,18,46,30,34,18,12,10,20,14,6
2022-04-16,LIU,Saint Joseph's,Home,L,10,14,NA,10,8,18,26,18,29,21,9,14,10,24,39,28,25,19,9,14,14,10,8
2022-04-23,LIU,Hobart,Away,W,19,22,NA,19,16,35,43,30,38,14,8,22,14,36,53,35,38,18,4,22,13,19,11
2022-04-30,LIU,Sacred Heart,Away,L,15,10,NA,15,10,25,42,32,37,19,6,10,4,14,33,20,23,18,8,10,10,15,17
2022-05-05,LIU,Saint Joseph's,Away,W,10,11,NA,10,7,17,39,21,27,14,8,11,5,16,35,20,27,17,7,11,9,10,11
2022-02-05,Lafayette,Penn St.,Away,W,15,20,NA,15,5,20,41,25,32,17,11,20,14,34,52,29,36,17,9,20,9,15,10
2022-02-12,Lafayette,VMI,Away,W,14,6,NA,14,13,27,52,30,36,14,5,6,5,11,25,14,23,12,9,6,8,14,16
2022-02-22,Lafayette,Drexel,Home,W,13,11,NA,13,6,19,36,23,30,19,10,11,4,15,40,22,32,17,12,11,11,13,10
2022-02-26,Lafayette,Binghamton,Home,L,12,13,1,12,8,20,44,31,26,10,7,13,9,22,26,19,28,18,3,13,6,12,19
2022-03-05,Lafayette,Loyola Maryland,Home,L,12,14,NA,12,7,19,27,18,30,17,6,14,11,25,44,24,39,12,13,14,10,12,6
2022-03-11,Lafayette,Army West Point,Home,L,12,18,NA,12,5,17,41,26,35,10,8,18,14,32,44,29,38,16,7,18,11,12,14
2022-03-15,Lafayette,Rutgers,Away,W,10,22,NA,10,7,17,32,22,35,21,6,22,15,37,45,31,38,16,17,22,9,10,12
2022-03-19,Lafayette,Colgate,Away,L,7,14,NA,7,7,14,39,24,18,10,3,14,7,21,40,22,29,19,3,14,8,7,17
2022-03-26,Lafayette,Boston U.,Away,W,11,21,NA,11,8,19,39,27,29,15,12,21,18,39,49,29,51,21,12,21,8,11,16
2022-03-29,Lafayette,Sacred Heart,Away,W,16,8,NA,16,6,22,43,30,34,7,8,8,6,14,29,13,24,18,6,8,5,16,14
2022-04-02,Lafayette,Lehigh,Home,W,7,14,NA,7,4,11,36,20,24,10,5,14,4,18,46,26,28,12,7,14,12,7,13
2022-04-09,Lafayette,Holy Cross,Away,L,21,11,NA,21,7,28,40,31,25,11,6,11,7,18,31,20,20,16,6,11,9,21,10
2022-04-16,Lafayette,Navy,Home,L,5,9,NA,5,3,8,32,17,23,19,10,9,4,13,40,19,32,20,10,9,10,5,12
2022-04-22,Lafayette,Bucknell,Away,W,16,19,NA,16,7,23,34,26,33,20,6,19,10,29,50,30,40,16,14,19,11,16,10
2022-04-28,Lafayette,Virginia,Away,W,10,20,NA,10,4,14,31,24,24,13,7,20,13,33,48,35,52,16,5,20,15,10,14
2022-02-12,Lehigh,NJIT,Away,W,10,5,NA,10,8,18,56,30,36,13,5,5,5,10,29,17,13,15,5,5,12,10,20
2022-02-19,Lehigh,Hobart,Away,W,13,14,NA,13,8,21,47,27,23,16,5,14,6,20,45,23,25,16,6,14,9,13,14
2022-02-26,Lehigh,Cornell,Home,L,5,9,NA,5,2,7,44,20,30,15,11,9,4,13,34,20,35,18,8,9,11,5,15
2022-03-05,Lehigh,Navy,Home,L,11,7,NA,11,7,18,50,25,41,19,9,7,3,10,28,17,31,15,9,7,10,11,14
2022-03-13,Lehigh,Holy Cross,Home,L,17,7,NA,17,10,27,50,30,55,18,14,7,4,11,29,14,30,19,11,7,7,17,13
2022-03-19,Lehigh,Army West Point,Away,L,11,10,NA,11,4,15,36,21,26,18,6,10,6,16,38,21,23,13,11,10,11,11,10
2022-03-26,Lehigh,Georgetown,Home,L,11,14,NA,11,8,19,27,20,39,23,10,14,10,24,36,25,37,15,11,14,11,11,9
2022-03-29,Lehigh,Binghamton,Away,L,12,10,NA,12,9,21,39,25,29,16,7,10,3,13,32,18,29,17,8,10,8,12,13
2022-04-02,Lehigh,Lafayette,Away,W,14,7,NA,14,4,18,46,26,28,12,7,7,4,11,36,20,24,10,5,7,13,14,12
2022-04-10,Lehigh,Bucknell,Home,W,13,12,NA,13,7,20,44,28,43,19,7,12,6,18,42,25,35,11,15,12,13,13,15
2022-04-16,Lehigh,Colgate,Away,W,8,9,1,8,4,12,42,23,29,18,5,9,3,12,38,21,18,7,8,9,12,8,15
2022-04-23,Lehigh,Boston U.,Home,L,8,9,NA,8,7,15,28,18,30,16,14,9,7,16,32,23,34,21,11,9,14,8,10
2022-04-29,Lehigh,Loyola Maryland,Away,W,12,13,1,12,6,18,32,20,22,22,6,13,10,23,46,28,35,13,11,13,15,12,8
2022-05-03,Lehigh,Navy,Home,L,14,8,NA,14,9,23,40,24,45,14,12,8,8,16,42,22,36,18,6,8,14,14,10
2022-05-06,Lehigh,Boston U.,Away,W,12,13,1,12,7,19,36,23,41,22,10,13,11,24,53,28,35,14,14,13,15,12,11
2022-02-12,Loyola Maryland,Maryland,Away,L,8,20,NA,8,3,11,31,18,19,13,4,20,12,32,43,28,36,13,10,20,8,8,10
2022-02-19,Loyola Maryland,Johns Hopkins,Away,W,10,11,NA,10,8,18,44,24,33,17,13,11,8,19,30,15,27,25,5,11,4,10,14
2022-02-26,Loyola Maryland,Rutgers,Home,L,12,13,NA,12,9,21,37,22,30,14,7,13,3,16,41,25,24,12,7,13,12,12,10
2022-03-02,Loyola Maryland,Towson,Home,W,8,11,NA,8,4,12,40,20,40,18,10,11,4,15,36,19,24,16,9,11,8,8,12
2022-03-05,Loyola Maryland,Lafayette,Away,L,14,12,NA,14,11,25,44,24,39,12,13,12,7,19,27,18,30,17,6,12,6,14,10
2022-03-13,Loyola Maryland,Duke,Home,W,12,10,NA,12,8,20,45,25,35,14,10,10,5,15,36,18,37,18,3,10,8,12,13
2022-03-19,Loyola Maryland,Bucknell,Home,L,13,9,NA,13,8,21,41,27,42,18,11,9,4,13,40,22,30,20,7,9,13,13,14
2022-03-26,Loyola Maryland,Army West Point,Home,L,12,14,NA,12,7,19,50,25,33,15,12,14,4,18,41,26,34,18,5,14,12,12,13
2022-04-02,Loyola Maryland,Holy Cross,Away,W,16,8,NA,16,10,26,51,33,35,14,14,8,6,14,33,18,18,22,5,8,10,16,17
2022-04-09,Loyola Maryland,Navy,Away,W,18,7,NA,18,14,32,63,35,43,17,7,7,3,10,36,20,28,15,5,7,13,18,17
2022-04-16,Loyola Maryland,Boston U.,Home,W,9,14,NA,9,8,17,35,22,33,17,8,14,9,23,41,27,33,13,6,14,13,9,13
2022-04-19,Loyola Maryland,Georgetown,Away,L,7,14,NA,7,5,12,36,19,32,25,5,14,7,21,56,33,39,13,11,14,19,7,12
2022-04-23,Loyola Maryland,Colgate,Away,L,11,10,1,11,6,17,31,20,23,13,6,10,5,15,46,21,24,17,6,10,11,11,9
2022-04-29,Loyola Maryland,Lehigh,Home,W,13,12,1,13,10,23,46,28,35,13,11,12,6,18,32,20,22,22,6,12,8,13,15
2022-05-03,Loyola Maryland,Bucknell,Home,L,11,7,NA,11,8,19,44,27,33,13,5,7,4,11,38,20,20,12,6,7,13,11,16
2022-05-06,Loyola Maryland,"Army West Point Boston, Mass.",Away,W,13,14,NA,13,7,20,31,21,33,15,6,14,8,22,54,28,30,12,6,14,14,13,8
2022-02-11,Manhattan,Duke,Away,L,7,17,NA,7,2,9,23,15,27,25,1,17,12,29,56,36,37,13,15,17,19,7,8
2022-02-16,Manhattan,VMI,Home,W,14,10,NA,14,9,23,38,28,30,9,4,10,5,15,36,17,36,16,4,10,7,14,14
2022-02-20,Manhattan,"Navy Hempstead, NY",Away,W,6,9,NA,6,6,12,27,13,24,16,8,9,7,16,35,22,35,21,5,9,13,6,7
2022-02-26,Manhattan,Wagner,Home,L,11,5,NA,11,4,15,38,28,30,12,13,5,0,5,26,13,23,18,7,5,8,11,17
2022-03-05,Manhattan,St. John's (NY),Away,W,7,9,NA,7,3,10,38,18,9,9,6,9,6,15,47,23,33,16,3,9,14,7,11
2022-03-12,Manhattan,Hofstra,Away,W,4,8,NA,4,3,7,30,15,22,16,8,8,2,10,33,19,34,22,7,8,11,4,11
2022-03-19,Manhattan,Quinnipiac,Home,W,9,7,NA,9,5,14,39,20,18,10,10,7,0,7,37,23,21,15,7,7,16,9,11
2022-03-26,Manhattan,St. Bonaventure,Away,L,9,15,NA,9,6,15,41,24,25,14,8,15,8,23,38,25,36,15,8,15,10,9,15
2022-04-02,Manhattan,Canisius,Home,W,14,11,NA,14,6,20,30,19,21,13,9,11,5,16,33,18,27,17,8,11,7,14,5
2022-04-09,Manhattan,Siena,Away,L,8,7,NA,8,5,13,29,20,28,14,4,7,3,10,37,14,25,16,5,7,7,8,12
2022-04-16,Manhattan,Marist,Home,L,12,13,NA,12,7,19,40,21,14,14,8,13,3,16,36,24,24,11,12,13,11,12,9
2022-04-22,Manhattan,Monmouth,Away,W,11,4,NA,11,3,14,32,18,23,13,7,4,1,5,32,12,27,19,5,4,8,11,7
2022-05-05,Manhattan,Marist,Away,L,13,12,1,13,3,16,31,21,27,11,7,12,5,17,45,21,41,16,6,12,9,13,8
2022-05-07,Manhattan,St. Bonaventure,Away,L,8,7,NA,8,0,8,35,17,34,14,7,7,1,8,35,12,34,14,7,7,5,8,9
2022-05-11,Manhattan,Vermont,Away,L,3,15,NA,3,2,5,29,16,23,12,8,15,11,26,35,29,37,14,6,15,14,3,13
2022-02-09,Marist,Rutgers,Away,W,10,13,NA,10,4,14,48,29,28,15,9,13,9,22,63,34,48,13,9,13,21,10,19
2022-02-12,Marist,Binghamton,Away,W,11,9,NA,11,8,19,44,24,18,16,9,9,5,14,48,22,27,20,6,9,13,11,13
2022-02-19,Marist,Richmond,Away,L,4,18,NA,4,3,7,28,15,23,22,14,18,14,32,58,35,34,19,11,18,17,4,11
2022-02-26,Marist,Bucknell,Home,W,7,15,NA,7,4,11,31,16,21,17,4,15,5,20,53,37,53,7,8,15,22,7,9
2022-03-05,Marist,Air Force,Away,L,8,17,NA,8,5,13,38,16,33,19,8,17,10,27,47,25,34,15,12,17,8,8,8
2022-03-11,Marist,Delaware,Away,L,9,18,NA,9,5,14,33,14,23,17,7,18,13,31,58,33,34,14,7,18,15,9,5
2022-03-19,Marist,St. Bonaventure,Home,L,6,7,NA,6,5,11,49,25,40,10,10,7,5,12,25,13,26,19,8,7,6,6,19
2022-03-26,Marist,Siena,Home,W,11,10,NA,11,6,17,40,27,37,14,9,10,5,15,41,24,29,17,7,10,14,11,16
2022-04-02,Marist,Quinnipiac,Away,L,17,10,NA,17,10,27,42,31,31,18,6,10,5,15,36,22,30,16,11,10,12,17,14
2022-04-05,Marist,Princeton,Away,L,7,18,NA,7,4,11,30,17,27,21,6,18,10,28,58,38,43,13,12,18,20,7,10
2022-04-12,Marist,NJIT,Home,W,12,11,1,12,8,20,56,34,35,11,10,11,7,18,37,24,35,21,3,11,13,12,21
2022-04-16,Marist,Manhattan,Away,L,13,12,NA,13,3,16,36,24,24,11,12,12,7,19,40,21,14,14,8,12,9,13,11
2022-04-23,Marist,Canisius,Away,W,13,7,NA,13,8,21,54,31,33,16,9,7,5,12,34,18,29,25,6,7,11,13,18
2022-04-30,Marist,Monmouth,Home,W,9,8,1,9,4,13,34,23,38,11,15,8,5,13,37,20,28,19,4,8,12,9,14
2022-05-05,Marist,Manhattan,Home,L,12,13,1,12,5,17,45,21,41,16,6,13,3,16,31,21,27,11,7,13,8,12,9
2022-02-12,Marquette,Bellarmine,Away,L,9,8,3,9,6,15,46,23,27,21,11,8,6,14,28,20,19,23,10,8,12,9,14
2022-02-19,Marquette,Jacksonville,Away,W,10,14,NA,10,2,12,33,24,31,18,7,14,7,21,38,26,35,20,12,14,12,10,14
2022-02-26,Marquette,Utah,Home,L,11,12,NA,11,6,17,41,19,29,16,15,12,8,20,37,17,30,20,5,12,5,11,8
2022-03-01,Marquette,Michigan,Home,L,10,12,NA,10,4,14,30,19,25,19,7,12,8,20,38,26,25,18,3,12,14,10,9
2022-03-05,Marquette,Detroit Mercy,Home,L,13,7,NA,13,6,19,46,28,35,23,14,7,4,11,38,13,26,22,11,7,6,13,15
2022-03-12,Marquette,Drexel,Home,L,10,11,2,10,4,14,51,25,42,24,9,11,6,17,32,23,27,17,11,11,12,10,15
2022-03-19,Marquette,Robert Morris,Away,L,7,10,NA,7,6,13,32,19,19,23,3,10,6,16,35,20,20,13,18,10,10,7,12
2022-03-26,Marquette,Air Force,Home,W,9,16,NA,9,6,15,40,24,26,15,9,16,10,26,39,26,24,18,4,16,10,9,15
2022-04-02,Marquette,Providence,Home,W,16,11,NA,16,9,25,41,23,34,18,4,11,5,16,42,25,25,13,5,11,14,16,7
2022-04-09,Marquette,St. John's (NY),Away,L,23,13,NA,23,14,37,58,36,40,13,6,13,8,21,39,27,14,15,6,13,14,23,13
2022-04-12,Marquette,Notre Dame,Home,W,8,18,NA,8,2,10,34,24,28,13,7,18,11,29,50,33,31,13,8,18,15,8,16
2022-04-16,Marquette,Georgetown,Away,W,10,20,NA,10,6,16,32,23,25,27,3,20,16,36,63,46,53,13,22,20,26,10,13
2022-04-23,Marquette,Villanova,Home,W,8,10,NA,8,3,11,41,25,27,12,9,10,6,16,41,26,27,14,7,10,16,8,17
2022-04-29,Marquette,Denver,Away,L,8,16,NA,8,5,13,36,20,31,16,8,16,10,26,49,32,32,10,6,16,16,8,12
2022-05-05,Marquette,Georgetown,Away,L,5,15,NA,5,3,8,39,17,26,15,5,15,6,21,47,27,29,14,6,15,12,5,12
2022-02-05,Maryland,High Point,Home,W,21,13,NA,21,13,34,45,30,32,15,5,13,8,21,39,22,42,20,5,13,9,21,9
2022-02-12,Maryland,Loyola Maryland,Home,L,20,8,NA,20,12,32,43,28,36,13,10,8,3,11,31,18,19,13,4,8,10,20,8
2022-02-20,Maryland,Syracuse,Away,L,14,10,NA,14,8,22,41,25,32,15,8,10,5,15,39,22,32,13,10,10,12,14,11
2022-02-26,Maryland,Princeton,Home,W,15,10,NA,15,9,24,50,34,42,12,13,10,3,13,23,18,22,17,4,10,8,15,19
2022-03-05,Maryland,Notre Dame,Away,W,11,9,NA,11,6,17,41,22,29,18,9,9,3,12,31,21,30,18,10,9,12,11,11
2022-03-12,Maryland,UAlbany,Home,L,24,6,NA,24,13,37,45,35,49,15,15,6,4,10,23,15,23,22,5,6,9,24,11
2022-03-19,Maryland,"Virginia Washington, D.C.",Away,L,23,12,NA,23,14,37,53,38,40,13,10,12,7,19,34,21,34,17,4,12,9,23,15
2022-03-27,Maryland,Penn St.,Away,W,18,7,NA,18,7,25,44,31,39,18,9,7,1,8,33,21,33,19,9,7,14,18,13
2022-04-02,Maryland,Michigan,Away,L,20,12,NA,20,12,32,50,34,32,12,7,12,9,21,41,25,25,13,8,12,13,20,14
2022-04-10,Maryland,Rutgers,Home,L,17,9,NA,17,13,30,45,32,32,13,3,9,4,13,36,23,17,9,6,9,14,17,15
2022-04-16,Maryland,Ohio St.,Home,W,19,12,NA,19,12,31,46,38,32,10,7,12,7,19,35,23,23,13,2,12,11,19,19
2022-04-23,Maryland,Johns Hopkins,Away,W,22,7,NA,22,14,36,44,34,38,13,8,7,2,9,36,25,31,15,7,7,18,22,12
2022-05-05,Maryland,Johns Hopkins,Home,W,16,11,NA,16,14,30,42,25,32,13,12,11,7,18,35,25,27,16,6,11,14,16,9
2022-05-07,Maryland,Rutgers,Home,L,17,7,NA,17,12,29,47,29,42,13,11,7,3,10,35,18,26,16,7,7,11,17,12
2022-05-15,Maryland,Vermont,Home,L,21,5,NA,21,15,36,46,33,37,10,10,5,2,7,37,22,33,12,7,5,17,21,12
2022-05-22,Maryland,"Virginia Columbus, Ohio",Away,W,18,9,NA,18,13,31,50,29,45,18,6,9,4,13,35,24,30,16,9,9,15,18,11
2022-05-28,Maryland,"Princeton East Hartford, Conn.",Away,W,13,8,NA,13,8,21,45,26,38,19,8,8,3,11,47,29,34,16,5,8,21,13,13
2022-05-30,Maryland,"Cornell East Hartford, Conn.",Away,L,9,7,NA,9,9,18,37,18,43,22,8,7,4,11,40,24,32,14,11,7,17,9,9
2022-02-12,Massachusetts,Army West Point,Away,W,13,14,NA,13,7,20,46,31,32,9,8,14,9,23,28,22,30,17,5,14,8,13,18
2022-02-19,Massachusetts,UMass Lowell,Home,L,19,9,NA,19,11,30,56,35,40,14,10,9,2,11,40,22,24,19,5,9,13,19,16
2022-02-26,Massachusetts,Boston U.,Away,L,7,16,NA,7,5,12,35,19,31,22,3,16,8,24,39,26,30,18,11,16,10,7,12
2022-03-05,Massachusetts,Yale,Away,W,12,13,1,12,3,15,45,30,33,18,10,13,9,22,58,28,24,15,8,13,15,12,18
2022-03-08,Massachusetts,UAlbany,Home,L,12,9,NA,12,6,18,33,26,30,18,5,9,5,14,26,19,22,14,5,9,10,12,14
2022-03-12,Massachusetts,LIU,Home,L,12,7,NA,12,7,19,41,26,30,16,7,7,4,11,26,16,25,27,1,7,9,12,14
2022-03-16,Massachusetts,Vermont,Home,W,12,10,NA,12,7,19,40,30,26,7,6,10,8,18,39,21,21,7,3,10,11,12,18
2022-03-26,Massachusetts,Brown,Away,W,10,7,NA,10,5,15,40,22,24,14,2,7,4,11,46,21,21,11,3,7,14,10,12
2022-04-02,Massachusetts,Delaware,Home,W,11,10,1,11,5,16,42,27,40,17,4,10,6,16,44,30,28,9,3,10,20,11,16
2022-04-09,Massachusetts,Towson,Away,L,9,12,NA,9,6,15,39,25,38,14,8,12,5,17,45,24,32,16,8,12,12,9,16
2022-04-16,Massachusetts,Fairfield,Home,L,13,16,NA,13,9,22,44,27,30,16,4,16,10,26,48,33,29,10,5,16,17,13,14
2022-04-23,Massachusetts,Hofstra,Away,W,13,9,NA,13,6,19,37,24,34,15,2,9,5,14,38,24,25,9,8,9,15,13,11
2022-04-29,Massachusetts,Drexel,Home,L,13,7,NA,13,6,19,43,27,41,13,10,7,1,8,29,13,20,18,4,7,6,13,14
2022-05-05,Massachusetts,"Towson Philadelphia, Pa.",Away,W,10,18,NA,10,6,16,36,18,31,19,5,18,9,27,53,33,26,11,11,18,15,10,8
2022-01-29,Mercer,Bellarmine,Home,W,9,4,NA,9,6,15,29,16,23,17,8,4,3,7,28,10,10,19,11,4,6,9,7
2022-02-05,Mercer,Bucknell,Home,L,14,16,NA,14,10,24,51,24,26,13,11,16,12,28,36,29,22,16,6,16,13,14,10
2022-02-12,Mercer,Navy,Away,L,5,15,NA,5,3,8,24,15,25,24,4,15,7,22,64,31,44,16,17,15,16,5,10
2022-02-15,Mercer,"Jacksonville Savannah, Ga.",Away,W,12,21,NA,12,4,16,50,30,35,21,2,21,13,34,42,36,29,9,3,21,15,12,18
2022-02-19,Mercer,Cleveland St.,Away,W,11,9,NA,11,3,14,43,22,33,15,6,9,5,14,49,27,28,15,6,9,18,11,11
2022-03-05,Mercer,Robert Morris,Home,L,11,13,NA,11,8,19,28,18,26,20,7,13,10,23,30,27,22,15,8,13,14,11,7
2022-03-10,Mercer,Mount St. Mary's,Away,L,12,11,NA,12,8,20,34,19,25,16,4,11,4,15,46,23,34,20,5,11,12,12,7
2022-03-12,Mercer,Wagner,Away,L,4,13,NA,4,3,7,26,15,18,22,7,13,6,19,51,21,23,17,9,13,8,4,11
2022-03-19,Mercer,Air Force,Home,L,10,13,NA,10,2,12,43,21,18,13,9,13,7,20,50,26,26,17,10,13,13,10,11
2022-03-26,Mercer,Utah,Away,L,9,23,NA,9,2,11,31,20,19,16,4,23,12,35,58,36,46,13,6,23,13,9,11
2022-04-02,Mercer,VMI,Away,W,10,13,NA,10,8,18,41,29,26,10,2,13,9,22,55,27,30,13,6,13,14,10,19
2022-04-09,Mercer,Hampton,Home,L,22,6,NA,22,21,43,43,29,30,19,12,6,0,6,29,17,24,22,10,6,11,22,7
2022-04-16,Mercer,Richmond,Away,L,9,22,NA,9,6,15,39,24,34,20,11,22,12,34,45,31,37,17,13,22,9,9,15
2022-04-23,Mercer,Jacksonville,Away,L,5,17,NA,5,3,8,26,18,26,20,6,17,8,25,53,33,27,9,14,17,16,5,13
2022-04-30,Mercer,High Point,Home,W,14,11,NA,14,8,22,48,27,31,21,7,11,2,13,30,25,13,13,8,11,14,14,13
2022-02-06,Merrimack,Hofstra,Away,W,7,8,NA,7,5,12,36,23,22,13,3,8,7,15,31,18,25,17,6,8,10,7,16
2022-02-12,Merrimack,Boston U.,Away,W,10,12,NA,10,6,16,33,22,21,21,6,12,7,19,55,35,43,17,13,12,23,10,12
2022-02-19,Merrimack,Dartmouth,Away,L,8,6,NA,8,5,13,38,24,24,16,7,6,2,8,45,27,26,18,8,6,21,8,16
2022-02-27,Merrimack,Holy Cross,Away,W,11,9,NA,11,4,15,40,25,25,21,9,9,5,14,42,18,26,23,10,9,9,11,14
2022-03-05,Merrimack,UMass Lowell,Home,W,16,10,NA,16,10,26,47,26,32,12,6,10,6,16,43,22,30,17,3,10,12,16,10
2022-03-19,Merrimack,Bryant,Away,L,4,16,NA,4,3,7,34,20,24,18,8,16,6,22,43,27,29,19,9,16,11,4,16
2022-03-26,Merrimack,LIU,Away,L,7,16,NA,7,6,13,32,21,28,13,9,16,10,26,31,25,40,18,7,16,9,7,14
2022-04-02,Merrimack,Mount St. Mary's,Home,L,14,9,NA,14,8,22,40,28,42,20,9,9,5,14,37,22,26,18,6,9,13,14,14
2022-04-09,Merrimack,Sacred Heart,Away,W,11,8,NA,11,6,17,40,29,32,11,5,8,7,15,43,24,25,14,4,8,16,11,17
2022-04-16,Merrimack,Hobart,Home,L,11,12,NA,11,6,17,42,25,35,18,8,12,4,16,52,26,33,17,9,12,14,11,14
2022-04-23,Merrimack,Wagner,Away,L,8,6,NA,8,5,13,33,22,23,11,6,6,5,11,40,22,21,19,2,6,16,8,14
2022-04-30,Merrimack,Saint Joseph's,Home,W,9,17,NA,9,6,15,40,22,28,17,5,17,11,28,43,27,40,18,8,17,10,9,13
2022-02-05,Michigan,Bellarmine,Home,W,22,13,NA,22,13,35,57,38,50,21,6,13,6,19,36,21,26,22,13,13,8,22,16
2022-02-12,Michigan,Detroit Mercy,Home,L,21,5,NA,21,13,34,66,49,48,14,18,5,3,8,25,13,32,28,3,5,8,21,28
2022-02-19,Michigan,Holy Cross,Home,L,20,3,NA,20,14,34,37,32,31,19,11,3,2,5,30,11,21,22,11,3,8,20,12
2022-02-22,Michigan,Canisius,Home,W,23,10,NA,23,14,37,56,40,40,13,13,10,2,12,46,23,32,17,6,10,13,23,17
2022-02-26,Michigan,Cleveland St.,Home,L,13,5,NA,13,9,22,49,30,31,19,14,5,2,7,32,16,16,26,7,5,11,13,17
2022-03-01,Michigan,Marquette,Away,L,12,10,NA,12,8,20,38,26,25,18,3,10,4,14,30,19,25,19,7,10,9,12,14
2022-03-05,Michigan,Delaware,Home,L,18,8,NA,18,12,30,51,30,27,12,8,8,5,13,51,28,25,12,5,8,20,18,12
2022-03-12,Michigan,Harvard,Home,W,9,14,NA,9,6,15,51,21,27,11,8,14,10,24,40,30,28,12,9,14,16,9,12
2022-03-19,Michigan,Notre Dame,Away,L,7,12,NA,7,3,10,43,26,23,18,4,12,7,19,51,29,30,12,11,12,17,7,19
2022-03-26,Michigan,Johns Hopkins,Away,W,12,15,NA,12,7,19,42,23,31,20,5,15,11,26,41,26,29,14,9,15,11,12,11
2022-04-02,Michigan,Maryland,Home,L,12,20,NA,12,9,21,41,25,25,13,8,20,12,32,50,34,32,12,7,20,14,12,13
2022-04-08,Michigan,Penn St.,Away,W,8,9,1,8,5,13,47,23,37,15,8,9,2,11,35,20,34,18,6,9,11,8,15
2022-04-16,Michigan,Rutgers,Home,L,12,13,NA,12,7,19,51,27,40,15,8,13,6,19,38,31,21,10,8,13,18,12,15
2022-04-24,Michigan,Ohio St.,Away,W,12,14,NA,12,7,19,36,26,26,9,3,14,10,24,40,25,42,12,6,14,11,12,14
2022-04-30,Michigan,Ohio St.,Away,W,10,16,NA,10,2,12,46,24,26,14,2,16,8,24,42,27,30,16,8,16,11,10,14
2022-02-19,Monmouth,Princeton,Away,L,6,22,NA,6,2,8,27,16,32,21,5,22,12,34,50,36,40,12,15,22,14,6,10
2022-02-26,Monmouth,Delaware,Away,L,6,17,NA,6,4,10,26,14,26,20,6,17,11,28,57,37,32,9,9,17,20,6,8
2022-03-01,Monmouth,Wagner,Home,W,9,7,NA,9,8,17,39,20,33,17,11,7,2,9,27,18,23,19,6,7,11,9,11
2022-03-05,Monmouth,Saint Joseph's,Away,W,10,15,NA,10,4,14,34,20,25,18,7,15,8,23,47,32,27,10,12,15,17,10,10
2022-03-11,Monmouth,NJIT,Away,W,15,7,NA,15,11,26,49,29,39,10,5,7,4,11,34,20,21,15,2,7,13,15,14
2022-03-15,Monmouth,VMI,Home,L,11,6,NA,11,6,17,32,23,29,16,6,6,0,6,35,14,22,18,6,6,8,11,12
2022-03-26,Monmouth,Quinnipiac,Away,L,9,8,NA,9,5,14,34,17,19,16,10,8,4,12,29,23,22,14,5,8,15,9,8
2022-04-02,Monmouth,Siena,Home,L,1,10,NA,1,1,2,45,22,32,16,9,10,7,17,37,27,30,14,11,10,17,1,21
2022-04-09,Monmouth,St. Bonaventure,Away,W,3,6,NA,3,0,3,38,24,34,18,6,6,3,9,33,23,29,18,11,6,17,3,21
2022-04-16,Monmouth,Canisius,Home,W,6,4,NA,6,3,9,37,24,31,16,14,4,3,7,27,16,24,21,7,4,12,6,18
2022-04-22,Monmouth,Manhattan,Home,W,4,11,NA,4,1,5,32,12,27,19,5,11,3,14,32,18,23,13,7,11,7,4,8
2022-04-30,Monmouth,Marist,Away,W,8,9,1,8,5,13,37,20,28,19,4,9,4,13,34,23,38,11,15,9,14,8,12
2022-02-05,Mount St. Mary's,Navy,Away,W,11,9,NA,11,5,16,41,27,39,21,10,9,7,16,50,30,40,14,12,9,21,11,16
2022-02-12,Mount St. Mary's,Delaware,Away,L,6,12,NA,6,2,8,43,22,32,19,12,12,8,20,45,22,43,23,9,12,10,6,16
2022-02-15,Mount St. Mary's,Towson,Away,L,8,13,NA,8,5,13,38,20,30,19,6,13,10,23,44,28,32,20,8,13,15,8,12
2022-02-19,Mount St. Mary's,Hampton,Home,L,17,5,NA,17,12,29,60,40,44,21,12,5,4,9,29,19,29,32,4,5,14,17,23
2022-02-25,Mount St. Mary's,UMBC,Home,W,9,8,NA,9,5,14,44,20,29,17,6,8,6,14,28,16,26,20,5,8,8,9,11
2022-03-01,Mount St. Mary's,Georgetown,Away,L,4,21,NA,4,1,5,28,11,32,28,8,21,12,33,51,31,41,17,17,21,10,4,7
2022-03-04,Mount St. Mary's,VMI,Home,L,7,8,NA,7,4,11,42,19,37,19,13,8,4,12,29,18,28,28,9,8,10,7,12
2022-03-10,Mount St. Mary's,Mercer,Home,L,11,12,NA,11,4,15,46,23,34,20,5,12,8,20,34,19,25,16,4,12,7,11,12
2022-03-19,Mount St. Mary's,Saint Joseph's,Home,W,6,19,NA,6,2,8,31,15,28,18,6,19,12,31,45,28,29,13,5,19,9,6,9
2022-03-26,Mount St. Mary's,Sacred Heart,Away,L,14,13,NA,14,7,21,41,24,28,18,6,13,8,21,44,34,41,17,9,13,21,14,10
2022-04-02,Mount St. Mary's,Merrimack,Away,L,9,14,NA,9,5,14,37,22,26,18,6,14,8,22,40,28,42,20,9,14,14,9,13
2022-04-09,Mount St. Mary's,LIU,Home,L,10,14,NA,10,8,18,46,30,34,18,12,14,6,20,31,20,25,27,4,14,6,10,20
2022-04-16,Mount St. Mary's,Wagner,Away,L,9,5,NA,9,6,15,42,23,31,18,8,5,2,7,33,16,16,15,4,5,11,9,14
2022-04-23,Mount St. Mary's,Bryant,Home,W,7,14,NA,7,6,13,38,18,29,21,11,14,9,23,46,26,30,20,6,14,12,7,11
2022-04-30,Mount St. Mary's,Hobart,Away,L,7,14,NA,7,4,11,31,17,19,18,5,14,9,23,74,36,48,10,10,14,22,7,10
2022-02-05,NJIT,Delaware,Away,L,9,19,NA,9,6,15,30,15,27,25,3,19,9,28,34,26,24,13,9,19,7,9,6
2022-02-12,NJIT,Lehigh,Home,W,5,10,NA,5,5,10,29,17,13,15,5,10,8,18,56,30,36,13,5,10,20,5,12
2022-02-19,NJIT,Harvard,Away,L,4,17,NA,4,1,5,27,13,20,28,11,17,4,21,47,31,35,23,17,17,14,4,9
2022-02-26,NJIT,Army West Point,Away,L,4,18,NA,4,2,6,41,28,17,20,5,18,14,32,62,38,19,10,8,18,20,4,24
2022-03-05,NJIT,Wagner,Away,W,5,7,NA,5,3,8,48,19,33,26,10,7,3,10,43,25,29,18,14,7,18,5,14
2022-03-11,NJIT,Monmouth,Home,W,7,15,NA,7,4,11,34,20,21,15,2,15,11,26,49,29,39,10,5,15,14,7,13
2022-03-19,NJIT,Vermont,Away,L,3,14,NA,3,0,3,17,12,33,24,7,14,11,25,55,31,36,13,16,14,17,3,9
2022-03-26,NJIT,UMass Lowell,Home,L,7,8,NA,7,5,12,39,13,37,19,8,8,4,12,34,17,40,26,8,8,9,7,6
2022-04-09,NJIT,Stony Brook,Away,W,12,20,NA,12,6,18,38,20,32,21,7,20,11,31,55,34,43,15,8,20,14,12,8
2022-04-12,NJIT,Marist,Away,W,11,12,1,11,7,18,37,24,35,21,3,12,8,20,56,34,35,11,10,12,21,11,13
2022-04-19,NJIT,Binghamton,Home,W,8,18,NA,8,4,12,56,27,30,14,9,18,14,32,47,33,37,17,6,18,15,8,19
2022-04-22,NJIT,UAlbany,Home,W,6,16,NA,6,5,11,29,18,21,25,8,16,11,27,50,24,42,23,12,16,8,6,12
2022-04-29,NJIT,UMBC,Away,L,9,19,NA,9,4,13,27,17,22,21,4,19,10,29,48,27,38,16,11,19,8,9,8
2022-02-05,Navy,Mount St. Mary's,Home,W,9,11,NA,9,7,16,50,30,40,14,12,11,5,16,41,27,39,21,10,11,16,9,21
2022-02-12,Navy,Mercer,Home,L,15,5,NA,15,7,22,64,31,44,16,17,5,3,8,24,15,25,24,4,5,10,15,16
2022-02-18,Navy,Hofstra,Away,W,13,6,NA,13,9,22,38,24,30,18,9,6,0,6,30,13,30,24,6,6,7,13,11
2022-02-20,Navy,"Manhattan Hempstead, NY",Away,L,9,6,NA,9,7,16,35,22,35,21,5,6,6,12,27,13,24,16,8,6,7,9,13
2022-02-26,Navy,High Point,Home,L,13,14,NA,13,8,21,38,21,44,14,6,14,8,22,37,24,27,14,4,14,10,13,8
2022-03-05,Navy,Lehigh,Away,L,7,11,NA,7,3,10,28,17,31,15,9,11,7,18,50,25,41,19,9,11,14,7,10
2022-03-13,Navy,Colgate,Home,W,11,10,NA,11,9,20,39,23,33,18,5,10,3,13,28,18,32,19,10,10,8,11,12
2022-03-18,Navy,Johns Hopkins,Away,L,11,10,NA,11,7,18,38,18,33,18,7,10,7,17,43,22,35,17,10,10,12,11,7
2022-03-26,Navy,Holy Cross,Home,L,14,8,NA,14,6,20,42,26,46,18,3,8,6,14,29,20,26,19,6,8,12,14,12
2022-04-02,Navy,Boston U.,Away,L,9,17,NA,9,4,13,29,17,27,23,11,17,11,28,49,25,42,19,11,17,8,9,8
2022-04-09,Navy,Loyola Maryland,Home,W,7,18,NA,7,3,10,36,20,28,15,5,18,14,32,63,35,43,17,7,18,17,7,13
2022-04-16,Navy,Lafayette,Away,L,9,5,NA,9,4,13,40,19,32,20,10,5,3,8,32,17,23,19,10,5,12,9,10
2022-04-23,Navy,Army West Point,Away,L,12,11,1,12,8,20,35,15,24,19,5,11,3,14,45,22,36,14,9,11,11,12,3
2022-04-29,Navy,Bucknell,Home,L,13,6,NA,13,10,23,48,25,41,17,6,6,4,10,42,22,33,15,7,6,16,13,12
2022-05-03,Navy,Lehigh,Away,L,8,14,NA,8,8,16,42,22,36,18,6,14,9,23,40,24,45,14,12,14,10,8,14
2022-02-11,North Carolina,Richmond,Home,L,13,9,NA,13,10,23,58,29,35,16,11,9,7,16,24,15,21,21,9,9,6,13,16
2022-02-13,North Carolina,Colgate,Home,L,15,9,NA,15,9,24,48,28,27,13,8,9,4,13,33,17,21,22,5,9,8,15,13
2022-02-19,North Carolina,Ohio St.,Home,W,8,20,NA,8,5,13,37,20,26,11,5,20,12,32,53,35,29,10,2,20,15,8,12
2022-02-23,North Carolina,Brown,Home,W,14,11,NA,14,11,25,48,24,41,21,11,11,6,17,38,28,24,16,5,11,17,14,10
2022-02-27,North Carolina,Johns Hopkins,Home,W,15,10,NA,15,10,25,51,35,33,14,8,10,6,16,35,19,31,15,5,10,9,15,20
2022-03-05,North Carolina,Denver,Home,W,17,16,NA,17,12,29,55,31,34,12,7,16,11,27,40,30,18,16,1,16,14,17,14
2022-03-10,North Carolina,Virginia,Home,L,11,15,NA,11,5,16,38,19,36,22,6,15,7,22,53,33,36,15,9,15,18,11,8
2022-03-20,North Carolina,High Point,Away,L,14,12,NA,14,9,23,44,26,29,12,4,12,6,18,39,27,27,12,10,12,15,14,12
2022-03-26,North Carolina,Bellarmine,Home,L,15,8,NA,15,11,26,48,31,36,13,4,8,6,14,26,17,17,14,5,8,9,15,16
2022-04-02,North Carolina,Duke,Home,W,6,15,NA,6,4,10,40,25,21,13,3,15,5,20,48,34,35,11,3,15,19,6,19
2022-04-09,North Carolina,Virginia,Away,L,4,11,NA,4,1,5,31,18,23,18,5,11,6,17,43,22,26,13,8,11,11,4,14
2022-04-16,North Carolina,Syracuse,Home,W,14,13,NA,14,11,25,37,21,30,19,3,13,6,19,54,31,32,12,7,13,18,14,7
2022-04-21,North Carolina,Notre Dame,Away,L,5,12,NA,5,3,8,45,20,26,10,6,12,5,17,46,23,34,11,4,12,11,5,15
2022-05-01,North Carolina,Duke,Away,W,11,19,NA,11,7,18,44,23,30,16,6,19,11,30,41,31,37,15,9,19,12,11,12
2022-02-19,Notre Dame,Detroit Mercy,Home,W,24,2,NA,24,15,39,53,37,33,18,11,2,1,3,38,20,25,21,5,2,18,24,13
2022-02-26,Notre Dame,Georgetown,Home,L,11,16,NA,11,4,15,52,35,38,10,14,16,9,25,38,25,29,20,3,16,9,11,24
2022-03-05,Notre Dame,Maryland,Home,W,9,11,NA,9,3,12,31,21,30,18,10,11,6,17,41,22,29,18,9,11,11,9,12
2022-03-12,Notre Dame,Ohio St.,Away,W,11,14,NA,11,2,13,40,21,34,15,9,14,7,21,36,25,35,18,4,14,11,11,10
2022-03-19,Notre Dame,Michigan,Home,L,12,7,NA,12,7,19,51,29,30,12,11,7,3,10,43,26,23,18,4,7,19,12,17
2022-03-26,Notre Dame,Virginia,Away,L,8,12,NA,8,3,11,47,22,27,17,10,12,5,17,38,24,23,15,8,12,12,8,14
2022-04-02,Notre Dame,Syracuse,Home,L,22,6,NA,22,14,36,38,31,33,17,12,6,1,7,36,21,30,18,7,6,15,22,9
2022-04-09,Notre Dame,Duke,Away,L,16,15,NA,16,9,25,41,21,37,15,4,15,8,23,40,26,23,11,6,15,11,16,5
2022-04-12,Notre Dame,Marquette,Away,W,18,8,NA,18,11,29,50,33,31,13,8,8,2,10,34,24,28,13,7,8,16,18,15
2022-04-21,Notre Dame,North Carolina,Home,L,12,5,NA,12,5,17,46,23,34,11,4,5,3,8,45,20,26,10,6,5,15,12,11
2022-05-01,Notre Dame,Syracuse,Away,L,18,11,NA,18,11,29,45,29,28,11,4,11,4,15,55,33,33,10,9,11,22,18,11
2022-05-07,Notre Dame,Duke,Home,W,16,14,NA,16,9,25,44,33,32,12,10,14,9,23,32,26,31,14,6,14,12,16,17
2022-02-05,Ohio St.,Detroit Mercy,Home,L,18,7,NA,18,11,29,49,31,47,18,11,7,0,7,27,16,27,20,10,7,9,18,13
2022-02-12,Ohio St.,Cleveland St.,Home,L,17,9,NA,17,10,27,53,29,49,19,10,9,4,13,32,16,17,19,6,9,7,17,12
2022-02-19,Ohio St.,North Carolina,Away,W,20,8,NA,20,12,32,53,35,29,10,2,8,5,13,37,20,26,11,5,8,12,20,15
2022-02-26,Ohio St.,"Harvard Naples, Fla.",Away,L,17,12,NA,17,9,26,42,27,36,22,5,12,6,18,38,22,33,20,12,12,10,17,10
2022-03-05,Ohio St.,Cornell,Away,W,11,14,NA,11,5,16,35,22,29,17,7,14,8,22,41,24,29,15,7,14,10,11,11
2022-03-12,Ohio St.,Notre Dame,Home,W,14,11,NA,14,7,21,36,25,35,18,4,11,2,13,40,21,34,15,9,11,10,14,11
2022-03-20,Ohio St.,Denver,Home,L,12,14,NA,12,5,17,43,23,19,12,3,14,10,24,44,22,24,11,8,14,8,12,11
2022-03-22,Ohio St.,Dartmouth,Home,L,12,6,NA,12,8,20,44,26,36,16,2,6,1,7,36,18,26,14,5,6,12,12,14
2022-03-27,Ohio St.,Rutgers,Away,L,7,18,NA,7,3,10,33,20,29,16,5,18,10,28,46,31,40,15,11,18,13,7,13
2022-04-01,Ohio St.,Penn St.,Home,L,18,9,NA,18,10,28,39,30,34,16,8,9,6,15,38,20,26,19,5,9,11,18,12
2022-04-09,Ohio St.,Johns Hopkins,Home,W,12,10,NA,12,6,18,44,22,36,9,5,10,8,18,41,18,29,12,4,10,8,12,10
2022-04-16,Ohio St.,Maryland,Away,W,12,19,NA,12,7,19,35,23,23,13,2,19,12,31,46,38,32,10,7,19,19,12,11
2022-04-24,Ohio St.,Michigan,Home,W,14,12,NA,14,10,24,40,25,42,12,6,12,7,19,36,26,26,9,3,12,14,14,11
2022-04-30,Ohio St.,Michigan,Home,W,16,10,NA,16,8,24,42,27,30,16,8,10,2,12,46,24,26,14,2,10,14,16,11
2022-05-05,Ohio St.,"Rutgers College Park, MD",Away,W,10,12,NA,10,4,14,35,22,25,9,4,12,7,19,47,33,29,7,4,12,21,10,12
2022-05-15,Ohio St.,Cornell,Away,L,8,15,NA,8,3,11,32,21,23,16,5,15,10,25,43,29,33,13,8,15,14,8,13
2022-02-19,Penn,Georgetown,Home,W,8,10,NA,8,6,14,39,19,28,15,7,10,5,15,47,22,37,17,9,10,12,8,11
2022-02-26,Penn,Duke,Away,L,14,13,1,14,8,22,35,24,19,13,3,13,6,19,51,24,37,16,7,13,11,14,10
2022-03-05,Penn,"Penn St. Charlotte, N.C.",Away,W,10,9,NA,10,5,15,34,21,45,16,6,9,4,13,38,23,32,18,5,9,14,10,11
2022-03-13,Penn,Villanova,Away,L,8,7,NA,8,5,13,25,14,23,24,5,7,5,12,51,20,36,18,11,7,13,8,6
2022-03-19,Penn,Princeton,Away,W,20,21,1,20,16,36,41,28,44,18,5,21,12,33,53,35,45,13,10,21,14,20,8
2022-03-26,Penn,Cornell,Home,W,15,11,NA,15,9,24,52,27,46,20,11,11,8,19,42,26,24,14,12,11,15,15,12
2022-04-02,Penn,Yale,Away,W,11,12,1,11,5,16,38,23,30,21,4,12,5,17,41,26,31,14,11,12,14,11,12
2022-04-09,Penn,Brown,Home,L,10,12,NA,10,8,18,46,23,27,17,8,12,7,19,47,29,31,15,5,12,17,10,13
2022-04-16,Penn,Harvard,Home,L,11,8,NA,11,7,18,44,24,35,23,10,8,4,12,36,28,35,18,16,8,20,11,13
2022-04-23,Penn,Dartmouth,Away,L,16,12,NA,16,7,23,33,25,29,20,13,12,6,18,42,24,33,18,8,12,12,16,9
2022-04-26,Penn,Saint Joseph's,Home,W,13,12,1,13,5,18,50,26,34,13,10,12,5,17,37,20,25,15,2,12,8,13,13
2022-04-30,Penn,UAlbany,Away,L,19,11,NA,19,13,32,40,25,42,14,9,11,5,16,41,23,38,16,9,11,12,19,6
2022-05-06,Penn,Brown,Away,W,14,9,NA,14,10,24,41,23,31,22,7,9,4,13,45,29,31,14,9,9,20,14,9
2022-05-08,Penn,"Yale Providence, R.I.",Away,W,16,9,NA,16,9,25,42,27,32,21,6,9,5,14,46,25,34,20,10,9,16,16,11
2022-05-14,Penn,Richmond,Home,W,11,10,1,11,7,18,39,22,33,19,13,10,6,16,35,25,27,17,10,10,15,11,11
2022-05-21,Penn,"Rutgers Hempstead, NY",Away,L,9,11,NA,9,6,15,46,27,37,15,4,11,6,17,47,25,25,13,7,11,14,9,18
2022-02-05,Penn St.,Lafayette,Home,W,20,15,NA,20,14,34,52,29,36,17,9,15,5,20,41,25,32,17,11,15,10,20,9
2022-02-12,Penn St.,Villanova,Home,L,12,13,NA,12,3,15,28,25,35,18,9,13,6,19,45,26,29,15,11,13,13,12,13
2022-02-16,Penn St.,Vermont,Home,L,10,16,NA,10,7,17,31,20,27,16,7,16,8,24,67,31,36,16,6,16,15,10,10
2022-02-19,Penn St.,Saint Joseph's,Away,W,13,15,NA,13,9,22,42,21,21,15,5,15,3,18,50,30,31,12,3,15,15,13,8
2022-02-26,Penn St.,Yale,Home,L,10,6,NA,10,7,17,42,26,30,14,12,6,5,11,35,27,36,16,7,6,21,10,16
2022-03-05,Penn St.,"Penn Charlotte, N.C.",Away,L,9,10,NA,9,4,13,38,23,32,18,5,10,5,15,34,21,45,16,6,10,11,9,14
2022-03-12,Penn St.,Cornell,Home,L,15,16,NA,15,11,26,45,26,35,16,6,16,9,25,51,32,41,13,8,16,16,15,11
2022-03-15,Penn St.,Bucknell,Away,W,11,12,NA,11,7,18,40,22,34,25,11,12,7,19,45,25,41,17,13,12,13,11,11
2022-03-27,Penn St.,Maryland,Home,W,7,18,NA,7,1,8,33,21,33,19,9,18,7,25,44,31,39,18,9,18,13,7,14
2022-04-01,Penn St.,Ohio St.,Away,L,9,18,NA,9,6,15,38,20,26,19,5,18,10,28,39,30,34,16,8,18,12,9,11
2022-04-08,Penn St.,Michigan,Home,W,9,8,1,9,2,11,35,20,34,18,6,8,5,13,47,23,37,15,8,8,15,9,11
2022-04-16,Penn St.,Johns Hopkins,Away,W,10,13,NA,10,7,17,34,18,27,17,6,13,12,25,51,31,40,14,12,13,18,10,8
2022-04-24,Penn St.,Rutgers,Away,W,14,15,1,14,5,19,42,24,25,14,4,15,9,24,51,29,35,11,7,15,14,14,10
2022-04-30,Penn St.,Johns Hopkins,Away,L,8,16,NA,8,7,15,37,22,30,18,7,16,7,23,54,33,35,17,9,16,17,8,14
2022-02-19,Princeton,Monmouth,Home,L,22,6,NA,22,12,34,50,36,40,12,15,6,2,8,27,16,32,21,5,6,10,22,14
2022-02-22,Princeton,Binghamton,Home,L,22,9,NA,22,13,35,53,34,44,14,15,9,4,13,36,24,30,22,6,9,15,22,12
2022-02-26,Princeton,Maryland,Away,W,10,15,NA,10,3,13,23,18,22,17,4,15,9,24,50,34,42,12,13,15,19,10,8
2022-03-05,Princeton,Georgetown,Away,W,10,8,NA,10,5,15,39,25,34,14,17,8,2,10,38,25,36,22,10,8,17,10,15
2022-03-11,Princeton,Rutgers,Home,W,16,11,NA,16,7,23,46,29,36,15,6,11,6,17,58,32,31,7,10,11,21,16,13
2022-03-19,Princeton,Penn,Home,W,21,20,1,21,12,33,53,35,45,13,10,20,16,36,41,28,44,18,5,20,8,21,14
2022-03-26,Princeton,Yale,Away,W,12,14,NA,12,5,17,52,31,44,23,6,14,8,22,54,27,31,17,13,14,13,12,19
2022-04-02,Princeton,Brown,Away,W,17,9,NA,17,6,23,42,27,32,12,5,9,4,13,45,24,28,14,7,9,15,17,10
2022-04-05,Princeton,Marist,Home,L,18,7,NA,18,10,28,58,38,43,13,12,7,4,11,30,17,27,21,6,7,10,18,20
2022-04-09,Princeton,Boston U.,Home,L,12,7,NA,12,9,21,43,22,45,23,12,7,1,8,43,21,38,23,12,7,14,12,10
2022-04-16,Princeton,Dartmouth,Home,W,12,10,NA,12,7,19,54,28,36,15,18,10,5,15,41,25,37,20,5,10,15,12,16
2022-04-23,Princeton,Harvard,Away,W,16,19,NA,16,8,24,55,34,36,9,7,19,9,28,44,30,31,18,4,19,11,16,18
2022-04-30,Princeton,Cornell,Home,L,15,18,NA,15,8,23,43,25,38,14,8,18,8,26,52,30,48,12,9,18,12,15,10
2022-05-14,Princeton,Boston U.,Home,L,12,5,NA,12,7,19,43,21,50,24,15,5,3,8,30,20,29,20,13,5,15,12,9
2022-05-21,Princeton,"Yale Hempstead, NY",Away,L,14,10,NA,14,6,20,46,34,33,16,4,10,5,15,46,27,39,15,6,10,17,14,20
2022-05-28,Princeton,"Maryland East Hartford, Conn.",Away,L,8,13,NA,8,3,11,47,29,34,16,5,13,8,21,45,26,38,19,8,13,13,8,21
2022-02-05,Providence,"Holy Cross Smithfield, R.I.",Away,W,16,9,NA,16,7,23,43,29,28,13,7,9,6,15,48,26,29,20,7,9,17,16,13
2022-02-12,Providence,Bryant,Home,W,7,19,NA,7,2,9,32,22,31,19,7,19,10,29,57,35,44,17,13,19,16,7,15
2022-02-19,Providence,Siena,Away,W,13,8,NA,13,10,23,48,26,29,16,10,8,4,12,48,26,23,19,4,8,18,13,13
2022-02-26,Providence,Saint Joseph's,Home,W,8,15,NA,8,4,12,34,18,18,18,8,15,10,25,47,30,38,17,9,15,15,8,10
2022-03-05,Providence,Brown,Home,L,10,22,NA,10,4,14,50,24,25,13,7,22,10,32,51,29,36,13,6,22,7,10,14
2022-03-08,Providence,Sacred Heart,Home,W,16,12,NA,16,11,27,45,29,39,13,4,12,6,18,34,18,23,11,4,12,6,16,13
2022-03-12,Providence,Vermont,Home,W,12,10,NA,12,5,17,40,22,24,15,9,10,5,15,38,17,27,21,7,10,7,12,10
2022-03-19,Providence,Fairfield,Away,W,11,15,NA,11,3,14,57,34,30,14,5,15,8,23,52,28,34,15,8,15,13,11,23
2022-03-26,Providence,Hofstra,Home,L,10,9,1,10,5,15,33,16,29,24,6,9,8,17,39,22,26,16,11,9,13,10,6
2022-04-02,Providence,Marquette,Away,W,11,16,NA,11,5,16,42,25,25,13,5,16,9,25,41,23,34,18,4,16,7,11,14
2022-04-09,Providence,Georgetown,Home,W,5,15,NA,5,2,7,30,13,20,14,5,15,10,25,57,33,49,13,7,15,18,5,8
2022-04-16,Providence,Villanova,Away,W,13,18,NA,13,8,21,49,29,37,14,5,18,12,30,53,28,38,13,12,18,10,13,16
2022-04-23,Providence,Denver,Home,W,3,16,NA,3,3,6,39,16,28,21,4,16,9,25,41,22,28,19,7,16,6,3,13
2022-04-30,Providence,St. John's (NY),Away,L,20,14,NA,20,10,30,52,28,34,21,7,14,10,24,41,23,19,14,10,14,9,20,8
2022-02-12,Quinnipiac,UMass Lowell,Away,L,15,14,NA,15,11,26,50,23,38,22,8,14,9,23,56,31,31,12,12,14,17,15,8
2022-02-16,Quinnipiac,LIU,Away,L,7,12,NA,7,4,11,44,26,41,13,3,12,6,18,34,27,50,13,6,12,15,7,19
2022-02-19,Quinnipiac,Brown,Away,W,13,19,NA,13,6,19,46,30,21,11,5,19,9,28,51,30,27,10,3,19,11,13,17
2022-02-25,Quinnipiac,Sacred Heart,Away,W,10,13,NA,10,7,17,37,23,41,22,4,13,9,22,43,28,28,12,11,13,15,10,13
2022-03-08,Quinnipiac,Fairfield,Away,W,10,14,NA,10,6,16,45,25,32,14,10,14,10,24,40,25,29,20,6,14,11,10,15
2022-03-19,Quinnipiac,Manhattan,Away,W,7,9,NA,7,0,7,37,23,21,15,7,9,5,14,39,20,18,10,10,9,11,7,16
2022-03-26,Quinnipiac,Monmouth,Home,L,8,9,NA,8,4,12,29,23,22,14,5,9,5,14,34,17,19,16,10,9,8,8,15
2022-04-02,Quinnipiac,Marist,Home,L,10,17,NA,10,5,15,36,22,30,16,11,17,10,27,42,31,31,18,6,17,14,10,12
2022-04-09,Quinnipiac,Canisius,Away,L,15,10,NA,15,8,23,54,28,37,14,7,10,9,19,36,22,24,17,5,10,12,15,13
2022-04-16,Quinnipiac,Virginia,Away,L,9,21,NA,9,2,11,27,17,29,19,7,21,11,32,57,37,50,16,10,21,16,9,8
2022-04-23,Quinnipiac,St. Bonaventure,Home,W,8,10,NA,8,3,11,45,29,21,15,10,10,9,19,34,21,21,19,7,10,11,8,21
2022-04-26,Quinnipiac,Yale,Away,W,13,20,NA,13,9,22,46,24,40,30,9,20,12,32,50,39,44,19,16,20,19,13,11
2022-04-30,Quinnipiac,Siena,Away,W,10,15,NA,10,5,15,49,25,37,23,10,15,8,23,43,28,33,14,12,15,13,10,15
2022-02-11,Richmond,North Carolina,Away,L,9,13,NA,9,7,16,24,15,21,21,9,13,10,23,58,29,35,16,11,13,16,9,6
2022-02-19,Richmond,Marist,Home,L,18,4,NA,18,14,32,58,35,34,19,11,4,3,7,28,15,23,22,14,4,11,18,17
2022-02-26,Richmond,Towson,Away,L,16,15,3,16,8,24,54,30,38,14,1,15,11,26,57,36,42,12,8,15,21,16,14
2022-03-01,Richmond,St. Bonaventure,Home,L,17,3,NA,17,12,29,60,39,40,11,14,3,2,5,32,18,21,20,6,3,15,17,22
2022-03-05,Richmond,Duke,Away,L,8,14,NA,8,5,13,42,28,25,14,5,14,8,22,56,30,29,13,5,14,16,8,20
2022-03-12,Richmond,Georgetown,Home,L,10,15,NA,10,7,17,37,17,23,16,7,15,7,22,45,29,41,17,12,15,14,10,7
2022-03-20,Richmond,UMBC,Home,L,14,9,NA,14,10,24,40,27,35,11,14,9,6,15,22,15,22,21,6,9,6,14,13
2022-03-26,Richmond,Hampton,Away,W,20,5,NA,20,18,38,55,51,35,9,15,5,2,7,12,8,12,15,9,5,3,20,31
2022-04-02,Richmond,Virginia,Home,W,17,13,NA,17,9,26,44,27,38,17,9,13,8,21,47,29,42,16,12,13,16,17,10
2022-04-09,Richmond,Jacksonville,Away,W,11,13,NA,11,6,17,31,21,27,19,8,13,8,21,38,27,28,15,15,13,14,11,10
2022-04-16,Richmond,Mercer,Home,L,22,9,NA,22,12,34,45,31,37,17,13,9,6,15,39,24,34,20,11,9,15,22,9
2022-04-23,Richmond,High Point,Away,W,16,5,NA,16,9,25,40,30,31,19,6,5,4,9,40,25,25,18,13,5,20,16,14
2022-04-30,Richmond,VMI,Home,W,14,12,NA,14,10,24,41,26,43,13,13,12,8,20,36,20,23,16,7,12,8,14,12
2022-05-05,Richmond,"High Point High Point, N.C.",Away,L,12,11,NA,12,8,20,42,20,34,15,7,11,6,17,46,29,29,14,8,11,18,12,8
2022-05-07,Richmond,"Jacksonville High Point, N.C.",Away,W,10,9,NA,10,4,14,46,21,33,13,12,9,3,12,32,16,28,18,7,9,7,10,11
2022-05-14,Richmond,Penn,Away,W,10,11,1,10,6,16,35,25,27,17,10,11,7,18,39,22,33,19,13,11,11,10,15
2022-02-04,Robert Morris,Duke,Away,W,12,21,NA,12,7,19,42,28,34,27,9,21,12,33,50,35,49,23,11,21,14,12,16
2022-02-12,Robert Morris,Bucknell,Home,L,12,14,NA,12,8,20,43,20,25,23,8,14,7,21,39,29,22,20,9,14,15,12,8
2022-02-19,Robert Morris,Stony Brook,Away,W,14,18,NA,14,9,23,38,31,30,17,9,18,9,27,51,29,40,14,7,18,11,14,17
2022-03-05,Robert Morris,Mercer,Away,L,13,11,NA,13,10,23,30,27,22,15,8,11,8,19,28,18,26,20,7,11,7,13,14
2022-03-09,Robert Morris,Canisius,Home,L,23,6,NA,23,12,35,51,39,33,11,17,6,4,10,34,21,24,25,2,6,15,23,16
2022-03-11,Robert Morris,High Point,Home,L,11,13,NA,11,7,18,44,28,32,21,6,13,9,22,30,21,31,17,8,13,8,11,17
2022-03-19,Robert Morris,Marquette,Home,L,10,7,NA,10,6,16,35,20,20,13,18,7,6,13,32,19,19,23,3,7,12,10,10
2022-03-26,Robert Morris,Drexel,Home,W,15,14,NA,15,10,25,46,32,45,21,5,14,12,26,39,24,36,19,7,14,10,15,17
2022-04-02,Robert Morris,Detroit Mercy,Away,W,12,5,NA,12,9,21,47,25,44,19,12,5,0,5,38,20,38,22,5,5,15,12,13
2022-04-09,Robert Morris,Bellarmine,Home,L,12,9,NA,12,7,19,35,23,32,15,12,9,7,16,31,18,28,17,6,9,9,12,11
2022-04-16,Robert Morris,Utah,Away,L,8,18,NA,8,1,9,34,18,26,18,5,18,12,30,63,33,47,14,9,18,15,8,10
2022-04-23,Robert Morris,Air Force,Home,W,11,10,NA,11,7,18,37,18,21,25,8,10,5,15,49,26,19,11,15,10,16,11,7
2022-04-30,Robert Morris,Cleveland St.,Away,L,19,12,NA,19,15,34,48,33,45,13,7,12,8,20,46,34,40,19,5,12,22,19,14
2022-05-05,Robert Morris,"Air Force Huntsville, Ala.",Away,L,9,7,NA,9,5,14,23,20,14,19,9,7,5,12,51,21,24,22,12,7,14,9,11
2022-05-07,Robert Morris,"Utah Huntsville, Ala.",Away,L,18,17,1,18,10,28,42,30,23,11,7,17,14,31,39,27,26,14,5,17,10,18,12
2022-05-11,Robert Morris,Delaware,Away,L,8,20,NA,8,5,13,30,17,21,17,6,20,12,32,51,33,38,13,11,20,13,8,9
2022-02-05,Rutgers,LIU,Home,L,15,6,NA,15,7,22,51,30,41,22,13,6,3,9,22,14,20,31,6,6,8,15,15
2022-02-09,Rutgers,Marist,Home,W,13,10,NA,13,9,22,63,34,48,13,9,10,4,14,48,29,28,15,9,10,19,13,21
2022-02-12,Rutgers,St. John's (NY),Away,W,23,6,NA,23,11,34,59,37,26,20,13,6,5,11,29,19,22,20,12,6,13,23,14
2022-02-19,Rutgers,Army West Point,Home,W,13,10,NA,13,7,20,46,22,34,15,7,10,7,17,48,25,25,14,6,10,15,13,9
2022-02-26,Rutgers,Loyola Maryland,Away,L,13,12,NA,13,3,16,41,25,24,12,7,12,9,21,37,22,30,14,7,12,10,13,12
2022-03-05,Rutgers,Stony Brook,Away,L,17,16,NA,17,8,25,53,33,27,6,9,16,4,20,45,28,45,14,2,16,12,17,16
2022-03-11,Rutgers,Princeton,Away,W,11,16,NA,11,6,17,58,32,31,7,10,16,7,23,46,29,36,15,6,16,13,11,21
2022-03-15,Rutgers,Lafayette,Home,W,22,10,NA,22,15,37,45,31,38,16,17,10,7,17,32,22,35,21,6,10,12,22,9
2022-03-19,Rutgers,Hofstra,Away,L,22,10,NA,22,14,36,54,34,35,10,4,10,3,13,37,23,34,11,5,10,13,22,12
2022-03-27,Rutgers,Ohio St.,Home,L,18,7,NA,18,10,28,46,31,40,15,11,7,3,10,33,20,29,16,5,7,13,18,13
2022-04-03,Rutgers,Johns Hopkins,Home,L,12,7,NA,12,6,18,35,19,39,21,10,7,1,8,29,14,30,20,8,7,7,12,7
2022-04-10,Rutgers,Maryland,Away,L,9,17,NA,9,4,13,36,23,17,9,6,17,13,30,45,32,32,13,3,17,15,9,14
2022-04-16,Rutgers,Michigan,Away,L,13,12,NA,13,6,19,38,31,21,10,8,12,7,19,51,27,40,15,8,12,15,13,18
2022-04-24,Rutgers,Penn St.,Home,W,15,14,1,15,9,24,51,29,35,11,7,14,5,19,42,24,25,14,4,14,10,15,14
2022-05-05,Rutgers,"Ohio St. College Park, MD",Away,L,12,10,NA,12,7,19,47,33,29,7,4,10,4,14,35,22,25,9,4,10,12,12,21
2022-05-07,Rutgers,Maryland,Away,L,7,17,NA,7,3,10,35,18,26,16,7,17,12,29,47,29,42,13,11,17,12,7,11
2022-05-15,Rutgers,"Harvard Piscataway, N.J.",Away,W,19,9,NA,19,12,31,47,32,37,15,6,9,6,15,36,26,27,15,9,9,17,19,13
2022-05-21,Rutgers,"Penn Hempstead, NY",Away,W,11,9,NA,11,6,17,47,25,25,13,7,9,6,15,46,27,37,15,4,9,18,11,14
2022-05-28,Rutgers,"Cornell East Hartford, Conn.",Away,W,10,17,NA,10,7,17,45,26,36,15,6,17,5,22,37,30,45,12,6,17,13,10,16
2022-02-12,Sacred Heart,Hofstra,Away,L,9,21,NA,9,7,16,32,17,25,29,4,21,10,31,42,34,43,15,14,21,13,9,8
2022-02-25,Sacred Heart,Quinnipiac,Home,W,13,10,NA,13,9,22,43,28,28,12,11,10,7,17,37,23,41,22,4,10,13,13,15
2022-03-01,Sacred Heart,Fairfield,Home,L,16,19,NA,16,5,21,52,33,42,7,11,19,9,28,47,33,40,17,0,19,14,16,17
2022-03-08,Sacred Heart,Providence,Away,W,12,16,NA,12,6,18,34,18,23,11,4,16,11,27,45,29,39,13,4,16,13,12,6
2022-03-12,Sacred Heart,UMass Lowell,Away,L,14,10,NA,14,11,25,40,25,21,13,10,10,4,14,52,31,36,17,8,10,21,14,11
2022-03-19,Sacred Heart,Hobart,Home,W,9,8,1,9,5,14,34,19,22,21,7,8,5,13,46,22,34,18,9,8,14,9,10
2022-03-26,Sacred Heart,Mount St. Mary's,Home,L,13,14,NA,13,8,21,44,34,41,17,9,14,7,21,41,24,28,18,6,14,10,13,21
2022-03-29,Sacred Heart,Lafayette,Home,W,8,16,NA,8,6,14,29,13,24,18,6,16,6,22,43,30,34,7,8,16,14,8,5
2022-04-02,Sacred Heart,Wagner,Away,L,8,14,NA,8,6,14,33,17,27,16,5,14,2,16,49,31,23,12,7,14,17,8,9
2022-04-09,Sacred Heart,Merrimack,Home,W,8,11,NA,8,7,15,43,24,25,14,4,11,6,17,40,29,32,11,5,11,17,8,16
2022-04-16,Sacred Heart,Bryant,Away,W,10,22,NA,10,6,16,31,22,30,21,12,22,12,34,47,33,44,24,13,22,11,10,12
2022-04-23,Sacred Heart,Saint Joseph's,Away,L,7,14,NA,7,4,11,28,18,20,14,6,14,13,27,37,22,31,17,8,14,8,7,11
2022-04-30,Sacred Heart,LIU,Home,L,10,15,NA,10,4,14,33,20,23,18,8,15,10,25,42,32,37,19,6,15,17,10,10
2022-02-12,Saint Joseph's,St. Bonaventure,Home,W,12,11,NA,12,7,19,62,34,25,10,4,11,6,17,28,23,17,11,3,11,12,12,22
2022-02-15,Saint Joseph's,Delaware,Home,L,11,12,NA,11,8,19,37,22,23,20,6,12,6,18,35,26,23,12,8,12,14,11,11
2022-02-19,Saint Joseph's,Penn St.,Home,W,15,13,NA,15,3,18,50,30,31,12,3,13,9,22,42,21,21,15,5,13,8,15,15
2022-02-26,Saint Joseph's,Providence,Away,W,15,8,NA,15,10,25,47,30,38,17,9,8,4,12,34,18,18,18,8,8,10,15,15
2022-03-05,Saint Joseph's,Monmouth,Home,W,15,10,NA,15,8,23,47,32,27,10,12,10,4,14,34,20,25,18,7,10,10,15,17
2022-03-08,Saint Joseph's,Drexel,Away,W,17,18,NA,17,5,22,49,26,36,16,5,18,12,30,44,30,23,9,7,18,12,17,9
2022-03-11,Saint Joseph's,Towson,Home,L,11,8,NA,11,6,17,39,25,29,19,4,8,5,13,45,20,24,13,5,8,12,11,14
2022-03-19,Saint Joseph's,Mount St. Mary's,Away,W,19,6,NA,19,12,31,45,28,29,13,5,6,2,8,31,15,28,18,6,6,9,19,9
2022-03-26,Saint Joseph's,Wagner,Away,W,12,6,NA,12,7,19,38,25,36,23,5,6,3,9,43,18,21,13,10,6,12,12,13
2022-04-02,Saint Joseph's,Hobart,Home,W,16,12,NA,16,7,23,32,25,27,16,2,12,3,15,47,24,20,12,4,12,12,16,9
2022-04-09,Saint Joseph's,Bryant,Home,W,11,10,NA,11,8,19,49,22,23,15,9,10,6,16,40,20,28,23,4,10,10,11,11
2022-04-16,Saint Joseph's,LIU,Away,L,14,10,NA,14,10,24,39,28,25,19,9,10,8,18,26,18,29,21,9,10,8,14,14
2022-04-23,Saint Joseph's,Sacred Heart,Home,L,14,7,NA,14,13,27,37,22,31,17,8,7,4,11,28,18,20,14,6,7,11,14,8
2022-04-26,Saint Joseph's,Penn,Away,W,12,13,1,12,5,17,37,20,25,15,2,13,5,18,50,26,34,13,10,13,13,12,8
2022-04-30,Saint Joseph's,Merrimack,Away,W,17,9,NA,17,11,28,43,27,40,18,8,9,6,15,40,22,28,17,5,9,13,17,10
2022-05-05,Saint Joseph's,LIU,Home,W,11,10,NA,11,5,16,35,20,27,17,7,10,7,17,39,21,27,14,8,10,11,11,9
2022-05-07,Saint Joseph's,Hobart,Home,L,14,7,NA,14,6,20,44,24,29,14,8,7,5,12,38,23,25,13,6,7,16,14,10
2022-05-14,Saint Joseph's,Yale,Away,W,16,18,NA,16,5,21,45,32,35,18,9,18,13,31,42,27,35,21,11,18,9,16,16
2022-02-12,Siena,LIU,Away,L,7,14,NA,7,7,14,42,25,53,21,4,14,8,22,43,28,57,17,9,14,14,7,18
2022-02-19,Siena,Providence,Home,W,8,13,NA,8,4,12,48,26,23,19,4,13,10,23,48,26,29,16,10,13,13,8,18
2022-02-23,Siena,Army West Point,Away,W,10,20,NA,10,6,16,39,27,24,13,4,20,11,31,61,40,36,11,7,20,20,10,17
2022-02-27,Siena,UMass Lowell,Away,L,14,10,NA,14,9,23,51,28,34,16,10,10,5,15,41,27,28,15,8,10,17,14,14
2022-03-02,Siena,UAlbany,Away,L,7,11,NA,7,5,12,37,17,29,15,8,11,6,17,36,22,36,19,10,11,11,7,10
2022-03-05,Siena,Dartmouth,Home,W,9,11,NA,9,7,16,35,18,31,22,9,11,8,19,52,25,41,16,11,11,14,9,9
2022-03-11,Siena,St. John's (NY),Home,W,13,10,NA,13,8,21,31,23,25,17,8,10,9,19,49,27,24,14,9,10,17,13,10
2022-03-20,Siena,Canisius,Away,W,8,9,NA,8,5,13,34,18,15,16,9,9,5,14,40,21,33,22,3,9,12,8,10
2022-03-26,Siena,Marist,Away,W,10,11,NA,10,5,15,41,24,29,17,7,11,6,17,40,27,37,14,9,11,16,10,14
2022-04-02,Siena,Monmouth,Away,L,10,1,NA,10,7,17,37,27,30,14,11,1,1,2,45,22,32,16,9,1,21,10,17
2022-04-09,Siena,Manhattan,Home,L,7,8,NA,7,3,10,37,14,25,16,5,8,5,13,29,20,28,14,4,8,12,7,7
2022-04-16,Siena,St. Bonaventure,Home,W,14,11,NA,14,7,21,52,31,35,12,10,11,5,16,32,20,25,19,4,11,9,14,17
2022-04-23,Siena,Holy Cross,Away,W,11,8,NA,11,6,17,38,24,26,16,10,8,3,11,41,21,35,22,8,8,13,11,13
2022-04-30,Siena,Quinnipiac,Home,W,15,10,NA,15,8,23,43,28,33,14,12,10,5,15,49,25,37,23,10,10,15,15,13
2022-05-05,Siena,"St. Bonaventure Poughkeepsie, N.Y.",Away,W,10,12,NA,10,7,17,57,37,47,11,6,12,9,21,29,20,21,16,6,12,8,10,27
2022-02-12,St. Bonaventure,Saint Joseph's,Away,W,11,12,NA,11,6,17,28,23,17,11,3,12,7,19,62,34,25,10,4,12,22,11,12
2022-02-22,St. Bonaventure,Bellarmine,Home,W,13,12,NA,13,10,23,32,24,31,19,10,12,6,18,45,31,37,15,9,12,19,13,11
2022-02-26,St. Bonaventure,VMI,Away,L,9,8,1,9,6,15,32,19,23,20,8,8,5,13,46,25,32,18,14,8,17,9,10
2022-03-01,St. Bonaventure,Richmond,Away,L,3,17,NA,3,2,5,32,18,21,20,6,17,12,29,60,39,40,11,14,17,22,3,15
2022-03-05,St. Bonaventure,Hampton,Home,W,21,0,NA,21,16,37,54,38,43,18,16,0,0,0,7,4,16,25,10,0,4,21,17
2022-03-11,St. Bonaventure,Cleveland St.,Home,L,12,5,NA,12,6,18,40,24,27,17,7,5,4,9,32,24,21,13,6,5,19,12,12
2022-03-13,St. Bonaventure,Cleveland St.,Away,L,11,10,NA,11,6,17,38,25,26,13,4,10,8,18,51,24,36,15,6,10,14,11,14
2022-03-19,St. Bonaventure,Marist,Away,L,7,6,NA,7,5,12,25,13,26,19,8,6,5,11,49,25,40,10,10,6,19,7,6
2022-03-26,St. Bonaventure,Manhattan,Home,L,15,9,NA,15,8,23,38,25,36,15,8,9,6,15,41,24,25,14,8,9,15,15,10
2022-04-09,St. Bonaventure,Monmouth,Home,W,6,3,NA,6,3,9,33,23,29,18,11,3,0,3,38,24,34,18,6,3,21,6,17
2022-04-16,St. Bonaventure,Siena,Away,W,11,14,NA,11,5,16,32,20,25,19,4,14,7,21,52,31,35,12,10,14,17,11,9
2022-04-23,St. Bonaventure,Quinnipiac,Away,W,10,8,NA,10,9,19,34,21,21,19,7,8,3,11,45,29,21,15,10,8,21,10,11
2022-04-30,St. Bonaventure,Canisius,Home,W,13,12,NA,13,8,21,35,21,30,14,9,12,6,18,52,28,34,13,4,12,16,13,8
2022-05-05,St. Bonaventure,"Siena Poughkeepsie, N.Y.",Away,L,12,10,NA,12,9,21,29,20,21,16,6,10,7,17,57,37,47,11,6,10,27,12,8
2022-05-07,St. Bonaventure,Manhattan,Home,L,7,8,NA,7,1,8,35,12,34,14,7,8,0,8,35,17,34,14,7,8,9,7,5
2022-02-12,St. John's (NY),Rutgers,Home,W,6,23,NA,6,5,11,29,19,22,20,12,23,11,34,59,37,26,20,13,23,14,6,13
2022-02-19,St. John's (NY),Bucknell,Away,L,7,23,NA,7,4,11,28,11,22,27,7,23,16,39,56,35,52,21,14,23,12,7,4
2022-02-25,St. John's (NY),"Stony Brook Hempstead, N.Y.",Away,W,10,17,NA,10,5,15,32,16,28,16,3,17,8,25,39,21,33,18,5,17,4,10,6
2022-02-27,St. John's (NY),Hofstra,Away,L,6,12,NA,6,3,9,32,20,23,15,5,12,4,16,37,22,37,18,8,12,10,6,14
2022-03-05,St. John's (NY),Manhattan,Home,W,9,7,NA,9,6,15,47,23,33,16,3,7,3,10,38,18,9,9,6,7,11,9,14
2022-03-11,St. John's (NY),Siena,Away,W,10,13,NA,10,9,19,49,27,24,14,9,13,8,21,31,23,25,17,8,13,10,10,17
2022-03-19,St. John's (NY),Dartmouth,Away,W,10,17,NA,10,10,20,29,18,28,20,4,17,13,30,53,32,36,12,10,17,15,10,8
2022-03-22,St. John's (NY),Fairfield,Away,L,17,14,NA,17,11,28,42,26,27,15,10,14,7,21,50,31,40,18,10,14,17,17,9
2022-03-26,St. John's (NY),Jacksonville,Away,L,4,25,NA,4,2,6,25,14,18,17,8,25,14,39,52,41,39,16,13,25,16,4,10
2022-04-02,St. John's (NY),Villanova,Home,W,9,22,NA,9,7,16,31,20,14,14,5,22,13,35,64,40,30,8,10,22,18,9,11
2022-04-09,St. John's (NY),Marquette,Home,L,13,23,NA,13,8,21,39,27,14,15,6,23,14,37,58,36,40,13,6,23,13,13,14
2022-04-16,St. John's (NY),Denver,Away,L,4,18,NA,4,4,8,25,16,25,17,3,18,12,30,54,33,37,7,12,18,15,4,12
2022-04-23,St. John's (NY),Georgetown,Away,L,6,23,NA,6,5,11,28,22,22,18,5,23,16,39,57,36,45,17,11,23,13,6,16
2022-04-30,St. John's (NY),Providence,Home,L,14,20,NA,14,10,24,41,23,19,14,10,20,10,30,52,28,34,21,7,20,8,14,9
2022-02-12,Stony Brook,Fairfield,Home,W,13,12,NA,13,6,19,54,27,39,17,11,12,7,19,44,25,42,20,11,12,13,13,14
2022-02-19,Stony Brook,Robert Morris,Home,W,18,14,NA,18,9,27,51,29,40,14,7,14,9,23,38,31,30,17,9,14,17,18,11
2022-02-25,Stony Brook,"St. John's (NY) Hempstead, N.Y.",Away,L,17,10,NA,17,8,25,39,21,33,18,5,10,5,15,32,16,28,16,3,10,6,17,4
2022-02-27,Stony Brook,"LIU Hempstead, NY",Away,W,10,6,NA,10,6,16,42,22,35,18,5,6,3,9,35,17,29,19,8,6,11,10,12
2022-03-05,Stony Brook,Rutgers,Home,L,16,17,NA,16,4,20,45,28,45,14,2,17,8,25,53,33,27,6,9,17,16,16,12
2022-03-12,Stony Brook,Brown,Away,L,7,10,NA,7,1,8,42,25,28,22,11,10,5,15,31,21,30,20,15,10,11,7,18
2022-03-16,Stony Brook,UMass Lowell,Home,L,17,9,NA,17,10,27,52,34,39,15,7,9,5,14,39,19,28,24,6,9,10,17,17
2022-03-19,Stony Brook,Syracuse,Home,W,9,14,NA,9,5,14,43,22,33,18,7,14,8,22,46,30,36,15,11,14,16,9,13
2022-03-26,Stony Brook,UAlbany,Away,W,10,12,NA,10,7,17,41,22,34,16,14,12,9,21,38,21,34,22,6,12,9,10,12
2022-04-05,Stony Brook,Dartmouth,Away,L,14,13,NA,14,6,20,37,25,31,19,9,13,8,21,49,29,37,17,9,13,16,14,11
2022-04-09,Stony Brook,NJIT,Home,W,20,12,NA,20,11,31,55,34,43,15,8,12,6,18,38,20,32,21,7,12,8,20,14
2022-04-16,Stony Brook,Binghamton,Away,L,7,3,NA,7,4,11,48,27,17,9,5,3,3,6,29,13,8,25,5,3,10,7,20
2022-04-23,Stony Brook,UMBC,Away,L,13,11,NA,13,7,20,46,32,36,21,6,11,6,17,46,25,26,18,6,11,14,13,19
2022-04-30,Stony Brook,Vermont,Home,L,10,19,NA,10,7,17,28,17,29,17,8,19,13,32,43,27,46,19,6,19,8,10,7
2022-02-12,Syracuse,Holy Cross,Home,L,28,5,NA,28,16,44,49,34,48,12,11,5,3,8,26,14,26,21,3,5,9,28,6
2022-02-20,Syracuse,Maryland,Home,L,10,14,NA,10,5,15,39,22,32,13,10,14,8,22,41,25,32,15,8,14,11,10,12
2022-02-26,Syracuse,Virginia,Away,W,11,20,NA,11,7,18,51,27,30,12,9,20,10,30,46,32,41,16,11,20,12,11,16
2022-03-02,Syracuse,Army West Point,Home,L,13,17,NA,13,3,16,39,26,38,19,9,17,5,22,50,28,29,15,11,17,11,13,13
2022-03-06,Syracuse,Hobart,Home,W,18,16,NA,18,10,28,46,27,37,16,7,16,10,26,43,27,23,11,5,16,11,18,9
2022-03-13,Syracuse,Johns Hopkins,Away,L,7,10,NA,7,4,11,54,21,37,14,12,10,6,16,29,17,28,21,6,10,7,7,14
2022-03-19,Syracuse,Stony Brook,Away,W,14,9,NA,14,8,22,46,30,36,15,11,9,5,14,43,22,33,18,7,9,13,14,16
2022-03-26,Syracuse,Duke,Home,W,14,10,NA,14,9,23,61,24,32,14,12,10,3,13,33,20,26,17,5,10,10,14,10
2022-04-02,Syracuse,Notre Dame,Away,L,6,22,NA,6,1,7,36,21,30,18,7,22,14,36,38,31,33,17,12,22,9,6,15
2022-04-07,Syracuse,UAlbany,Away,W,12,14,NA,12,5,17,52,27,48,21,12,14,8,22,30,25,33,21,6,14,11,12,15
2022-04-11,Syracuse,Cornell,Home,L,15,16,1,15,5,20,43,23,26,9,10,16,10,26,41,24,28,12,3,16,8,15,8
2022-04-16,Syracuse,North Carolina,Away,W,13,14,NA,13,6,19,54,31,32,12,7,14,11,25,37,21,30,19,3,14,7,13,18
2022-04-23,Syracuse,Virginia,Home,L,15,21,NA,15,9,24,36,21,32,17,5,21,13,34,53,32,42,10,12,21,11,15,6
2022-05-01,Syracuse,Notre Dame,Home,L,11,18,NA,11,4,15,55,33,33,10,9,18,11,29,45,29,28,11,4,18,11,11,22
2022-02-11,Towson,Johns Hopkins,Home,L,12,18,NA,12,5,17,36,21,33,19,7,18,12,30,49,31,37,15,8,18,13,12,9
2022-02-15,Towson,Mount St. Mary's,Home,L,13,8,NA,13,10,23,44,28,32,20,8,8,5,13,38,20,30,19,6,8,12,13,15
2022-02-19,Towson,Virginia,Home,W,9,18,NA,9,7,16,32,15,31,21,6,18,11,29,55,33,48,11,13,18,15,9,6
2022-02-26,Towson,Richmond,Home,L,15,16,3,15,11,26,57,36,42,12,8,16,8,24,54,30,38,14,1,16,14,15,21
2022-03-02,Towson,Loyola Maryland,Away,W,11,8,NA,11,4,15,36,19,24,16,9,8,4,12,40,20,40,18,10,8,12,11,8
2022-03-05,Towson,UMBC,Home,W,11,10,NA,11,9,20,45,19,39,13,11,10,3,13,35,16,34,14,5,10,6,11,8
2022-03-11,Towson,Saint Joseph's,Away,L,8,11,NA,8,5,13,45,20,24,13,5,11,6,17,39,25,29,19,4,11,14,8,12
2022-03-19,Towson,"Duke Washington, D.C.",Away,L,7,14,NA,7,6,13,35,22,22,17,5,14,9,23,50,29,43,17,8,14,15,7,15
2022-03-26,Towson,Denver,Away,L,9,12,NA,9,4,13,37,19,16,9,1,12,10,22,52,31,36,10,4,12,19,9,10
2022-04-02,Towson,Drexel,Away,L,13,12,NA,13,7,20,39,24,38,23,8,12,4,16,42,28,36,16,14,12,16,13,11
2022-04-09,Towson,Massachusetts,Home,L,12,9,NA,12,5,17,45,24,32,16,8,9,6,15,39,25,38,14,8,9,16,12,12
2022-04-16,Towson,Delaware,Away,W,10,11,NA,10,6,16,47,27,32,16,11,11,6,17,32,24,27,16,11,11,13,10,17
2022-04-23,Towson,Fairfield,Away,W,12,8,NA,12,3,15,42,25,29,16,12,8,3,11,38,24,24,17,8,8,16,12,13
2022-04-30,Towson,Hofstra,Home,L,14,15,NA,14,8,22,37,22,32,11,4,15,5,20,38,26,26,9,4,15,11,14,8
2022-05-05,Towson,"Massachusetts Philadelphia, Pa.",Away,L,18,10,NA,18,9,27,53,33,26,11,11,10,6,16,36,18,31,19,5,10,8,18,15
2022-05-07,Towson,"Delaware Philadelphia, Pa.",Away,L,6,11,NA,6,4,10,29,12,22,20,2,11,3,14,42,26,29,17,8,11,15,6,6
2022-02-19,UAlbany,Cornell,Away,L,8,16,NA,8,8,16,39,17,31,25,6,16,11,27,38,25,31,18,7,16,9,8,9
2022-02-26,UAlbany,Drexel,Away,W,12,14,NA,12,6,18,38,26,32,21,5,14,11,25,39,20,28,19,8,14,6,12,14
2022-03-02,UAlbany,Siena,Home,L,11,7,NA,11,6,17,36,22,36,19,10,7,5,12,37,17,29,15,8,7,10,11,11
2022-03-08,UAlbany,Massachusetts,Away,L,9,12,NA,9,5,14,26,19,22,14,5,12,6,18,33,26,30,18,5,12,14,9,10
2022-03-12,UAlbany,Maryland,Away,L,6,24,NA,6,4,10,23,15,23,22,5,24,13,37,45,35,49,15,15,24,11,6,9
2022-03-19,UAlbany,Binghamton,Home,L,10,18,NA,10,8,18,37,22,39,16,9,18,12,30,42,32,40,14,8,18,14,10,12
2022-03-26,UAlbany,Stony Brook,Home,W,12,10,NA,12,9,21,38,21,34,22,6,10,7,17,41,22,34,16,14,10,12,12,9
2022-04-02,UAlbany,UMass Lowell,Away,L,13,12,NA,13,12,25,35,23,24,16,5,12,9,21,47,27,30,14,4,12,15,13,10
2022-04-07,UAlbany,Syracuse,Home,W,14,12,NA,14,8,22,30,25,33,21,6,12,5,17,52,27,48,21,12,12,15,14,11
2022-04-09,UAlbany,UMBC,Away,L,7,16,NA,7,5,12,31,16,18,14,3,16,11,27,38,26,33,16,5,16,10,7,9
2022-04-16,UAlbany,Vermont,Home,W,6,14,NA,6,4,10,30,19,32,16,8,14,8,22,36,21,30,15,5,14,7,6,13
2022-04-22,UAlbany,NJIT,Away,W,16,6,NA,16,11,27,50,24,42,23,12,6,5,11,29,18,21,25,8,6,12,16,8
2022-04-24,UAlbany,Yale,Away,W,13,17,NA,13,8,21,42,21,38,19,9,17,15,32,39,26,26,18,8,17,9,13,8
2022-04-30,UAlbany,Penn,Home,L,11,19,NA,11,5,16,41,23,38,16,9,19,13,32,40,25,42,14,9,19,6,11,12
2022-05-05,UAlbany,Vermont,Away,L,7,17,NA,7,6,13,35,20,26,17,7,17,13,30,34,26,23,12,9,17,9,7,13
2022-02-19,UMBC,Drexel,Home,L,12,8,NA,12,2,14,59,25,38,20,1,8,4,12,33,19,22,12,6,8,11,12,13
2022-02-25,UMBC,Mount St. Mary's,Away,W,8,9,NA,8,6,14,28,16,26,20,5,9,5,14,44,20,29,17,6,9,11,8,8
2022-03-05,UMBC,Towson,Away,W,10,11,NA,10,3,13,35,16,34,14,5,11,9,20,45,19,39,13,11,11,8,10,6
2022-03-11,UMBC,Utah,Home,W,13,10,NA,13,6,19,31,19,32,19,6,10,2,12,31,19,25,16,5,10,9,13,6
2022-03-20,UMBC,Richmond,Away,L,9,14,NA,9,6,15,22,15,22,21,6,14,10,24,40,27,35,11,14,14,13,9,6
2022-03-26,UMBC,Binghamton,Away,L,8,12,NA,8,6,14,27,18,21,19,6,12,4,16,38,22,25,18,8,12,10,8,10
2022-04-02,UMBC,Vermont,Away,L,3,12,NA,3,1,4,34,17,39,18,8,12,7,19,29,19,26,12,12,12,7,3,14
2022-04-09,UMBC,UAlbany,Home,L,16,7,NA,16,11,27,38,26,33,16,5,7,5,12,31,16,18,14,3,7,9,16,10
2022-04-16,UMBC,UMass Lowell,Away,W,11,7,NA,11,8,19,46,21,23,16,9,7,4,11,38,20,31,15,7,7,13,11,10
2022-04-23,UMBC,Stony Brook,Home,L,11,13,NA,11,6,17,46,25,26,18,6,13,7,20,46,32,36,21,6,13,19,11,14
2022-04-29,UMBC,NJIT,Home,L,19,9,NA,19,10,29,48,27,38,16,11,9,4,13,27,17,22,21,4,9,8,19,8
2022-05-05,UMBC,"Binghamton Burlington, Vt.",Away,L,7,6,NA,7,3,10,24,16,31,23,9,6,4,10,32,15,23,16,6,6,9,7,9
2022-05-07,UMBC,Vermont,Away,W,11,13,NA,11,4,15,35,23,30,15,8,13,5,18,40,23,31,17,11,13,10,11,12
2022-02-12,UMass Lowell,Quinnipiac,Home,L,14,15,NA,14,9,23,56,31,31,12,12,15,11,26,50,23,38,22,8,15,8,14,17
2022-02-19,UMass Lowell,Massachusetts,Away,L,9,19,NA,9,2,11,40,22,24,19,5,19,11,30,56,35,40,14,10,19,16,9,13
2022-02-27,UMass Lowell,Siena,Home,L,10,14,NA,10,5,15,41,27,28,15,8,14,9,23,51,28,34,16,10,14,14,10,17
2022-03-05,UMass Lowell,Merrimack,Away,W,10,16,NA,10,6,16,43,22,30,17,3,16,10,26,47,26,32,12,6,16,10,10,12
2022-03-12,UMass Lowell,Sacred Heart,Home,L,10,14,NA,10,4,14,52,31,36,17,8,14,11,25,40,25,21,13,10,14,11,10,21
2022-03-16,UMass Lowell,Stony Brook,Away,L,9,17,NA,9,5,14,39,19,28,24,6,17,10,27,52,34,39,15,7,17,17,9,10
2022-03-19,UMass Lowell,Jacksonville,Home,W,8,22,NA,8,3,11,49,25,35,14,8,22,14,36,40,26,31,16,7,22,4,8,17
2022-03-26,UMass Lowell,NJIT,Away,L,8,7,NA,8,4,12,34,17,40,26,8,7,5,12,39,13,37,19,8,7,6,8,9
2022-04-02,UMass Lowell,UAlbany,Home,L,12,13,NA,12,9,21,47,27,30,14,4,13,12,25,35,23,24,16,5,13,10,12,15
2022-04-09,UMass Lowell,Vermont,Home,W,9,23,NA,9,5,14,32,19,20,14,2,23,16,39,52,34,46,14,9,23,11,9,10
2022-04-16,UMass Lowell,UMBC,Home,W,7,11,NA,7,4,11,38,20,31,15,7,11,8,19,46,21,23,16,9,11,10,7,13
2022-04-20,UMass Lowell,Holy Cross,Home,L,14,15,NA,14,8,22,49,27,28,14,5,15,10,25,39,25,41,18,8,15,10,14,13
2022-04-30,UMass Lowell,Binghamton,Away,L,9,7,NA,9,4,13,41,22,10,19,6,7,5,12,43,19,13,17,8,7,12,9,13
2022-02-05,Utah,Denver,Home,L,13,14,NA,13,10,23,42,25,30,13,8,14,8,22,41,24,31,15,5,14,10,13,12
2022-02-12,Utah,Vermont,Away,L,11,10,NA,11,7,18,35,22,35,22,13,10,6,16,39,19,35,20,15,10,9,11,11
2022-02-26,Utah,Marquette,Away,L,12,11,NA,12,8,20,37,17,30,20,5,11,6,17,41,19,29,16,15,11,8,12,5
2022-03-06,Utah,Jacksonville,Away,L,16,10,NA,16,11,27,44,27,34,10,6,10,5,15,32,20,32,16,6,10,10,16,11
2022-03-11,Utah,UMBC,Away,W,10,13,NA,10,2,12,31,19,25,16,5,13,6,19,31,19,32,19,6,13,6,10,9
2022-03-19,Utah,Georgetown,Away,L,6,16,NA,6,4,10,33,18,25,19,4,16,10,26,46,28,31,10,11,16,12,6,12
2022-03-26,Utah,Mercer,Home,L,23,9,NA,23,12,35,58,36,46,13,6,9,2,11,31,20,19,16,4,9,11,23,13
2022-04-02,Utah,Air Force,Away,W,10,8,NA,10,7,17,35,21,22,15,8,8,5,13,46,22,22,18,11,8,14,10,11
2022-04-09,Utah,Cleveland St.,Away,L,15,11,NA,15,10,25,48,36,41,13,4,11,6,17,43,25,26,13,4,11,14,15,21
2022-04-16,Utah,Robert Morris,Home,L,18,8,NA,18,12,30,63,33,47,14,9,8,1,9,34,18,26,18,5,8,10,18,15
2022-04-23,Utah,Bellarmine,Away,L,12,11,NA,12,8,20,43,27,26,14,6,11,7,18,40,20,18,15,10,11,9,12,15
2022-04-30,Utah,Detroit Mercy,Home,L,16,9,NA,16,10,26,52,29,29,14,6,9,3,12,45,19,27,22,1,9,10,16,13
2022-05-05,Utah,"Bellarmine Huntsville, Ala.",Away,L,12,11,1,12,8,20,40,24,31,19,10,11,5,16,40,21,22,21,9,11,10,12,12
2022-05-07,Utah,"Robert Morris Huntsville, Ala.",Away,W,17,18,1,17,14,31,39,27,26,14,5,18,10,28,42,30,23,11,7,18,12,17,10
2022-02-12,VMI,Lafayette,Home,W,6,14,NA,6,5,11,25,14,23,12,9,14,13,27,52,30,36,14,5,14,16,6,8
2022-02-16,VMI,Manhattan,Away,W,10,14,NA,10,5,15,36,17,36,16,4,14,9,23,38,28,30,9,4,14,14,10,7
2022-02-21,VMI,Hampton,Away,W,15,6,NA,15,11,26,66,42,38,13,21,6,2,8,26,14,30,37,5,6,8,15,27
2022-02-26,VMI,St. Bonaventure,Home,L,8,9,1,8,5,13,46,25,32,18,14,9,6,15,32,19,23,20,8,9,10,8,17
2022-03-04,VMI,Mount St. Mary's,Away,L,8,7,NA,8,4,12,29,18,28,28,9,7,4,11,42,19,37,19,13,7,12,8,10
2022-03-12,VMI,Detroit Mercy,Away,W,11,16,NA,11,5,16,35,18,28,21,5,16,6,22,50,26,40,12,7,16,10,11,7
2022-03-15,VMI,Monmouth,Away,L,6,11,NA,6,0,6,35,14,22,18,6,11,6,17,32,23,29,16,6,11,12,6,8
2022-03-19,VMI,Bellarmine,Home,W,8,17,NA,8,6,14,34,18,32,22,12,17,13,30,39,25,36,20,10,17,8,8,10
2022-03-26,VMI,Cleveland St.,Away,W,10,22,NA,10,4,14,35,21,26,15,5,22,14,36,45,30,50,17,8,22,8,10,11
2022-04-02,VMI,Mercer,Home,W,13,10,NA,13,9,22,55,27,30,13,6,10,8,18,41,29,26,10,2,10,19,13,14
2022-04-08,VMI,High Point,Away,L,5,16,NA,5,1,6,35,21,23,17,7,16,9,25,53,26,40,23,8,16,10,5,16
2022-04-16,VMI,Jacksonville,Home,W,6,25,NA,6,4,10,28,12,17,21,6,25,17,42,61,46,51,15,11,25,21,6,6
2022-04-23,VMI,Hampton,Home,L,21,5,NA,21,19,40,83,44,49,6,20,5,3,8,21,13,25,23,5,5,8,21,23
2022-04-30,VMI,Richmond,Away,W,12,14,NA,12,8,20,36,20,23,16,7,14,10,24,41,26,43,13,13,14,12,12,8
2022-05-05,VMI,"Jacksonville High Point, N.C.",Away,L,5,13,NA,5,0,5,33,15,23,20,7,13,10,23,47,27,37,17,13,13,14,5,10
2022-02-06,Vermont,Duke,Away,L,7,15,NA,7,2,9,36,22,29,17,6,15,6,21,39,26,28,12,12,15,11,7,15
2022-02-12,Vermont,Utah,Home,L,10,11,NA,10,6,16,39,19,35,20,15,11,7,18,35,22,35,22,13,11,11,10,9
2022-02-16,Vermont,Penn St.,Away,L,16,10,NA,16,8,24,67,31,36,16,6,10,7,17,31,20,27,16,7,10,10,16,15
2022-02-26,Vermont,Brown,Away,W,11,12,NA,11,7,18,48,23,33,23,12,12,9,21,47,21,25,20,11,12,9,11,12
2022-03-05,Vermont,Bryant,Home,L,16,6,NA,16,9,25,42,33,33,14,11,6,3,9,33,19,28,13,9,6,13,16,17
2022-03-08,Vermont,Dartmouth,Away,W,7,8,NA,7,5,12,41,27,24,22,16,8,6,14,31,17,33,29,11,8,9,7,20
2022-03-12,Vermont,Providence,Away,W,10,12,NA,10,5,15,38,17,27,21,7,12,5,17,40,22,24,15,9,12,10,10,7
2022-03-16,Vermont,Massachusetts,Away,W,10,12,NA,10,8,18,39,21,21,7,3,12,7,19,40,30,26,7,6,12,18,10,11
2022-03-19,Vermont,NJIT,Home,L,14,3,NA,14,11,25,55,31,36,13,16,3,0,3,17,12,33,24,7,3,9,14,17
2022-03-26,Vermont,Canisius,Home,L,15,6,NA,15,10,25,57,34,35,15,9,6,2,8,23,16,29,18,10,6,10,15,19
2022-04-02,Vermont,UMBC,Home,L,12,3,NA,12,7,19,29,19,26,12,12,3,1,4,34,17,39,18,8,3,14,12,7
2022-04-09,Vermont,UMass Lowell,Away,W,23,9,NA,23,16,39,52,34,46,14,9,9,5,14,32,19,20,14,2,9,10,23,11
2022-04-16,Vermont,UAlbany,Away,W,14,6,NA,14,8,22,36,21,30,15,5,6,4,10,30,19,32,16,8,6,13,14,7
2022-04-23,Vermont,Binghamton,Home,W,17,10,NA,17,13,30,47,33,42,17,14,10,7,17,23,16,25,21,10,10,6,17,16
2022-04-30,Vermont,Stony Brook,Away,L,19,10,NA,19,13,32,43,27,46,19,6,10,7,17,28,17,29,17,8,10,7,19,8
2022-05-05,Vermont,UAlbany,Home,L,17,7,NA,17,13,30,34,26,23,12,9,7,6,13,35,20,26,17,7,7,13,17,9
2022-05-07,Vermont,UMBC,Home,W,13,11,NA,13,5,18,40,23,31,17,11,11,4,15,35,23,30,15,8,11,12,13,10
2022-05-11,Vermont,Manhattan,Home,L,15,3,NA,15,11,26,35,29,37,14,6,3,2,5,29,16,23,12,8,3,13,15,14
2022-05-15,Vermont,Maryland,Away,L,5,21,NA,5,2,7,37,22,33,12,7,21,15,36,46,33,37,10,10,21,12,5,17
2022-02-12,Villanova,Penn St.,Away,L,13,12,NA,13,6,19,45,26,29,15,11,12,3,15,28,25,35,18,9,12,13,13,13
2022-02-19,Villanova,Yale,Away,W,14,17,NA,14,8,22,43,23,37,19,11,17,9,26,34,25,34,18,11,17,8,14,9
2022-02-26,Villanova,Fairfield,Home,L,16,9,NA,16,8,24,42,26,39,17,11,9,5,14,35,21,28,16,10,9,12,16,10
2022-03-01,Villanova,Brown,Away,W,14,15,NA,14,12,26,41,26,29,20,11,15,12,27,39,27,30,22,10,15,12,14,12
2022-03-05,Villanova,Hofstra,Home,W,8,6,NA,8,4,12,52,25,31,16,11,6,3,9,17,9,13,21,8,6,3,8,17
2022-03-13,Villanova,Penn,Home,L,7,8,NA,7,5,12,51,20,36,18,11,8,5,13,25,14,23,24,5,8,6,7,13
2022-03-19,Villanova,Drexel,Home,W,15,12,NA,15,10,25,46,26,29,12,10,12,9,21,36,23,28,17,4,12,11,15,11
2022-03-26,Villanova,Delaware,Home,W,18,13,NA,18,14,32,50,28,31,14,11,13,7,20,43,30,33,15,3,13,17,18,10
2022-04-02,Villanova,St. John's (NY),Away,W,22,9,NA,22,13,35,64,40,30,8,10,9,7,16,31,20,14,14,5,9,11,22,18
2022-04-09,Villanova,Denver,Home,L,10,12,NA,10,6,16,48,25,24,11,5,12,5,17,40,22,22,13,7,12,10,10,15
2022-04-16,Villanova,Providence,Home,W,18,13,NA,18,12,30,53,28,38,13,12,13,8,21,49,29,37,14,5,13,16,18,10
2022-04-23,Villanova,Marquette,Away,W,10,8,NA,10,6,16,41,26,27,14,7,8,3,11,41,25,27,12,9,8,17,10,16
2022-04-29,Villanova,Georgetown,Home,W,7,13,NA,7,6,13,32,18,23,18,3,13,9,22,45,29,27,10,10,13,16,7,11
2022-05-05,Villanova,"Denver Washington, D.C.",Away,L,15,14,NA,15,9,24,42,25,34,13,10,14,9,23,53,27,29,14,5,14,13,15,10
2022-05-07,Villanova,Georgetown,Away,W,12,14,NA,12,4,16,48,29,33,16,3,14,3,17,53,31,46,16,10,14,17,12,17
2022-02-05,Virginia,Air Force,Home,W,21,11,NA,21,13,34,51,35,45,13,9,11,5,16,31,19,30,17,6,11,8,21,14
2022-02-13,Virginia,High Point,Home,W,11,10,NA,11,6,17,45,24,40,16,8,10,4,14,42,26,35,14,3,10,16,11,13
2022-02-19,Virginia,Towson,Away,W,18,9,NA,18,11,29,55,33,48,11,13,9,7,16,32,15,31,21,6,9,6,18,15
2022-02-26,Virginia,Syracuse,Home,W,20,11,NA,20,10,30,46,32,41,16,11,11,7,18,51,27,30,12,9,11,16,20,12
2022-03-05,Virginia,Johns Hopkins,Home,L,19,8,NA,19,13,32,49,27,39,16,12,8,3,11,44,21,30,18,6,8,13,19,8
2022-03-10,Virginia,North Carolina,Away,L,15,11,NA,15,7,22,53,33,36,15,9,11,5,16,38,19,36,22,6,11,8,15,18
2022-03-19,Virginia,"Maryland Washington, D.C.",Away,W,12,23,NA,12,7,19,34,21,34,17,4,23,14,37,53,38,40,13,10,23,15,12,9
2022-03-26,Virginia,Notre Dame,Home,L,12,8,NA,12,5,17,38,24,23,15,8,8,3,11,47,22,27,17,10,8,14,12,12
2022-04-02,Virginia,Richmond,Away,W,13,17,NA,13,8,21,47,29,42,16,12,17,9,26,44,27,38,17,9,17,10,13,16
2022-04-09,Virginia,North Carolina,Home,L,11,4,NA,11,6,17,43,22,26,13,8,4,1,5,31,18,23,18,5,4,14,11,11
2022-04-14,Virginia,Duke,Away,L,8,17,NA,8,4,12,49,30,30,12,7,17,10,27,40,26,39,19,7,17,9,8,22
2022-04-16,Virginia,Quinnipiac,Home,L,21,9,NA,21,11,32,57,37,50,16,10,9,2,11,27,17,29,19,7,9,8,21,16
2022-04-23,Virginia,Syracuse,Away,L,21,15,NA,21,13,34,53,32,42,10,12,15,9,24,36,21,32,17,5,15,6,21,11
2022-04-28,Virginia,Lafayette,Home,W,20,10,NA,20,13,33,48,35,52,16,5,10,4,14,31,24,24,13,7,10,14,20,15
2022-05-14,Virginia,Brown,Away,L,17,10,NA,17,10,27,46,26,32,20,8,10,6,16,44,26,20,14,10,10,16,17,9
2022-05-22,Virginia,"Maryland Columbus, Ohio",Away,L,9,18,NA,9,4,13,35,24,30,16,9,18,13,31,50,29,45,18,6,18,11,9,15
2022-02-19,Wagner,Fairfield,Away,L,9,16,NA,9,4,13,42,17,29,20,10,16,7,23,34,26,43,20,12,16,10,9,8
2022-02-26,Wagner,Manhattan,Away,L,5,11,NA,5,0,5,26,13,23,18,7,11,4,15,38,28,30,12,13,11,17,5,8
2022-03-01,Wagner,Monmouth,Away,W,7,9,NA,7,2,9,27,18,23,19,6,9,8,17,39,20,33,17,11,9,11,7,11
2022-03-05,Wagner,NJIT,Home,W,7,5,NA,7,3,10,43,25,29,18,14,5,3,8,48,19,33,26,10,5,14,7,18
2022-03-12,Wagner,Mercer,Home,L,13,4,NA,13,6,19,51,21,23,17,9,4,3,7,26,15,18,22,7,4,11,13,8
2022-03-19,Wagner,LIU,Away,L,7,12,NA,7,1,8,26,17,27,16,6,12,8,20,36,22,38,17,9,12,10,7,10
2022-03-26,Wagner,Saint Joseph's,Home,W,6,12,NA,6,3,9,43,18,21,13,10,12,7,19,38,25,36,23,5,12,13,6,12
2022-04-02,Wagner,Sacred Heart,Home,L,14,8,NA,14,2,16,49,31,23,12,7,8,6,14,33,17,27,16,5,8,9,14,17
2022-04-09,Wagner,Hobart,Away,L,3,12,NA,3,1,4,35,12,27,22,4,12,6,18,55,35,37,17,13,12,23,3,9
2022-04-16,Wagner,Mount St. Mary's,Home,L,5,9,NA,5,2,7,33,16,16,15,4,9,6,15,42,23,31,18,8,9,14,5,11
2022-04-23,Wagner,Merrimack,Home,L,6,8,NA,6,5,11,40,22,21,19,2,8,5,13,33,22,23,11,6,8,14,6,16
2022-04-30,Wagner,Bryant,Away,L,6,15,NA,6,3,9,35,20,25,18,9,15,11,26,52,41,41,16,9,15,26,6,14
2022-02-19,Yale,Villanova,Home,W,17,14,NA,17,9,26,34,25,34,18,11,14,8,22,43,23,37,19,11,14,9,17,8
2022-02-26,Yale,Penn St.,Away,L,6,10,NA,6,5,11,35,27,36,16,7,10,7,17,42,26,30,14,12,10,16,6,21
2022-03-05,Yale,Massachusetts,Home,W,13,12,1,13,9,22,58,28,24,15,8,12,3,15,45,30,33,18,10,12,18,13,15
2022-03-13,Yale,Denver,Away,L,16,13,NA,16,8,24,42,25,25,10,4,13,8,21,58,28,32,10,7,13,15,16,9
2022-03-19,Yale,Cornell,Away,W,12,13,NA,12,4,16,51,30,49,18,9,13,6,19,47,31,38,15,13,13,18,12,18
2022-03-26,Yale,Princeton,Home,W,14,12,NA,14,8,22,54,27,31,17,13,12,5,17,52,31,44,23,6,12,19,14,13
2022-04-02,Yale,Penn,Home,W,12,11,1,12,5,17,41,26,31,14,11,11,5,16,38,23,30,21,4,11,12,12,14
2022-04-05,Yale,Boston U.,Away,L,22,15,NA,22,17,39,50,30,56,22,8,15,10,25,58,31,30,14,14,15,16,22,8
2022-04-09,Yale,Dartmouth,Away,W,23,6,NA,23,14,37,62,34,34,16,9,6,5,11,37,17,31,22,4,6,11,23,11
2022-04-16,Yale,Brown,Away,W,13,20,NA,13,8,21,52,28,32,19,3,20,11,31,60,35,38,10,10,20,15,13,15
2022-04-24,Yale,UAlbany,Home,W,17,13,NA,17,15,32,39,26,26,18,8,13,8,21,42,21,38,19,9,13,8,17,9
2022-04-26,Yale,Quinnipiac,Home,W,20,13,NA,20,12,32,50,39,44,19,16,13,9,22,46,24,40,30,9,13,11,20,19
2022-04-30,Yale,Harvard,Home,W,17,16,1,17,12,29,47,29,42,16,9,16,8,24,49,28,45,17,13,16,12,17,12
2022-05-06,Yale,"Cornell Providence, R.I.",Away,L,14,11,NA,14,8,22,52,27,34,17,7,11,4,15,46,25,35,16,7,11,14,14,13
2022-05-08,Yale,"Penn Providence, R.I.",Away,L,9,16,NA,9,5,14,46,25,34,20,10,16,9,25,42,27,32,21,6,16,11,9,16
2022-05-14,Yale,Saint Joseph's,Home,W,18,16,NA,18,13,31,42,27,35,21,11,16,5,21,45,32,35,18,9,16,16,18,9
2022-05-21,Yale,"Princeton Hempstead, NY",Away,W,10,14,NA,10,5,15,46,27,39,15,6,14,6,20,46,34,33,16,4,14,20,10,17
2021-02-13,Air Force,Denver,Home,W,6,15,NA,6,4,10,35,17,20,17,7,15,12,27,58,32,37,18,10,15,17,6,11
2021-02-20,Air Force,Utah,Home,L,10,9,1,10,7,17,43,24,28,14,8,9,7,16,37,20,28,15,5,9,11,10,14
2021-02-27,Air Force,Duke,Away,L,7,17,NA,7,5,12,24,16,19,22,7,17,13,30,42,29,32,15,8,17,12,7,9
2021-03-06,Air Force,Virginia,Away,L,4,20,NA,4,3,7,28,15,31,26,7,20,17,37,43,27,56,29,17,20,7,4,11
2021-03-13,Air Force,Robert Morris,Home,L,13,14,NA,13,9,22,50,30,49,24,10,14,11,25,35,23,41,25,12,14,9,13,17
2021-03-20,Air Force,North Carolina,Away,L,5,15,NA,5,2,7,34,15,25,15,6,15,10,25,51,28,35,11,5,15,13,5,10
2021-03-27,Air Force,Bellarmine,Away,L,8,6,NA,8,7,15,34,17,22,18,7,6,4,10,30,22,17,11,9,6,16,8,9
2021-04-03,Air Force,Mercer,Home,L,13,15,NA,13,6,19,51,27,24,8,7,15,10,25,34,24,23,12,3,15,9,13,14
2021-04-10,Air Force,Jacksonville,Away,L,5,11,NA,5,1,6,44,21,28,13,8,11,4,15,41,22,34,22,8,11,11,5,16
2021-04-17,Air Force,VMI,Home,L,18,4,NA,18,10,28,52,31,39,13,13,4,3,7,22,11,19,24,5,4,7,18,13
2021-04-24,Air Force,High Point,Home,W,8,13,NA,8,5,13,45,20,27,11,11,13,8,21,45,25,31,16,6,13,12,8,12
2021-05-01,Air Force,Richmond,Away,L,9,8,NA,9,6,15,31,20,25,24,14,8,6,14,43,24,30,19,14,8,16,9,11
2021-05-05,Air Force,Richmond,Away,L,6,11,NA,6,4,10,40,18,26,18,6,11,6,17,38,24,31,13,13,11,13,6,12
2021-02-14,Army West Point,Virginia,Away,L,9,14,NA,9,3,12,38,22,27,16,6,14,7,21,46,25,47,14,13,14,11,9,13
2021-02-21,Army West Point,Syracuse,Away,L,18,11,NA,18,11,29,44,31,26,10,6,11,5,16,36,24,33,12,5,11,13,18,13
2021-02-27,Army West Point,Saint Joseph's,Home,L,13,5,NA,13,5,18,42,22,29,16,8,5,2,7,37,17,27,18,9,5,12,13,9
2021-03-06,Army West Point,Boston U.,Away,L,12,10,NA,12,5,17,45,24,42,18,10,10,6,16,43,27,31,14,12,10,17,12,12
2021-03-27,Army West Point,Holy Cross,Home,L,13,3,NA,13,12,25,45,29,36,11,9,3,2,5,27,14,20,17,6,3,11,13,16
2021-04-03,Army West Point,Lehigh,Away,W,12,13,NA,12,5,17,41,22,33,16,10,13,7,20,40,24,51,21,9,13,11,12,10
2021-04-10,Army West Point,Loyola Maryland,Away,W,12,7,NA,12,4,16,35,18,26,15,5,7,4,11,45,23,39,11,8,7,16,12,6
2021-04-17,Army West Point,Boston U.,Home,L,14,8,NA,14,11,25,55,31,41,14,8,8,4,12,31,18,33,19,6,8,10,14,17
2021-04-24,Army West Point,Navy,Away,W,4,9,NA,4,2,6,41,23,27,16,10,9,5,14,39,19,38,18,8,9,10,4,19
2021-04-30,Army West Point,Colgate,Home,W,13,11,NA,13,6,19,39,26,40,11,17,11,6,17,39,24,39,19,5,11,13,13,13
2021-05-07,Army West Point,"Loyola Maryland Bethlehem, Pa.",Away,W,10,11,NA,10,6,16,43,22,40,17,7,11,7,18,34,23,36,14,8,11,12,10,12
2021-01-30,Bellarmine,Mercer,Away,L,9,7,NA,9,3,12,29,15,20,22,17,7,4,11,31,17,40,31,14,7,10,9,6
2021-02-06,Bellarmine,Utah,Home,W,7,12,NA,7,6,13,31,16,21,12,10,12,7,19,31,22,27,16,6,12,10,7,9
2021-02-10,Bellarmine,Jacksonville,Away,L,8,19,NA,8,6,14,22,12,20,17,8,19,17,36,46,28,42,15,11,19,9,8,4
2021-02-28,Bellarmine,Delaware,Away,W,11,14,NA,11,2,13,27,20,31,21,13,14,8,22,42,23,44,23,10,14,9,11,9
2021-03-02,Bellarmine,Robert Morris,Away,L,8,17,NA,8,6,14,43,22,29,15,5,17,14,31,39,29,41,14,6,17,12,8,14
2021-03-06,Bellarmine,Notre Dame,Away,L,6,12,NA,6,3,9,20,14,13,18,7,12,9,21,41,27,37,17,8,12,15,6,8
2021-03-09,Bellarmine,VMI,Home,L,12,8,NA,12,6,18,36,27,37,21,11,8,4,12,31,21,27,22,11,8,13,12,15
2021-03-13,Bellarmine,Cleveland St.,Home,L,1,8,NA,1,1,2,39,18,22,14,6,8,7,15,30,24,16,13,6,8,16,1,17
2021-03-20,Bellarmine,Richmond,Home,W,5,17,NA,5,2,7,36,17,17,17,9,17,15,32,39,29,23,15,9,17,12,5,12
2021-03-27,Bellarmine,Air Force,Home,L,6,8,NA,6,4,10,30,22,17,11,9,8,7,15,34,17,22,18,7,8,9,6,16
2021-04-03,Bellarmine,High Point,Away,L,5,13,NA,5,5,10,33,17,20,11,6,13,12,25,33,17,36,21,5,13,4,5,12
2021-04-10,Bellarmine,VMI,Away,W,11,9,NA,11,7,18,36,20,27,18,11,9,6,15,32,23,26,16,11,9,14,11,9
2021-04-17,Bellarmine,Cleveland St.,Home,L,11,4,NA,11,8,19,27,16,26,23,17,4,4,8,16,7,23,27,12,4,3,11,5
2021-04-24,Bellarmine,Jacksonville,Away,W,7,8,NA,7,3,10,30,15,17,15,6,8,4,12,35,24,28,16,10,8,16,7,8
2021-05-01,Bellarmine,Mercer,Home,L,11,8,NA,11,7,18,31,21,10,13,7,8,7,15,35,21,29,24,7,8,13,11,10
2021-03-06,Binghamton,NJIT,Away,W,11,5,NA,11,7,18,32,24,38,22,12,5,3,8,30,10,30,28,9,5,5,11,13
2021-03-20,Binghamton,UAlbany,Home,W,7,19,NA,7,3,10,31,23,29,20,11,19,13,32,46,38,43,18,9,19,19,7,16
2021-03-24,Binghamton,UMBC,Home,W,8,7,1,8,5,13,25,13,25,20,9,7,5,12,48,25,31,18,8,7,18,8,5
2021-03-27,Binghamton,UMBC,Away,W,6,7,NA,6,2,8,21,14,26,19,5,7,5,12,45,24,28,14,4,7,17,6,8
2021-04-03,Binghamton,NJIT,Home,L,11,9,NA,11,5,16,37,26,35,19,12,9,7,16,26,22,26,19,12,9,13,11,15
2021-04-10,Binghamton,Hartford,Home,L,7,8,NA,7,5,12,29,21,35,25,11,8,2,10,38,24,35,20,14,8,16,7,14
2021-04-16,Binghamton,Stony Brook,Away,L,8,22,NA,8,4,12,27,19,34,19,6,22,15,37,46,33,46,15,6,22,11,8,11
2021-04-24,Binghamton,Vermont,Home,L,10,7,NA,10,4,14,38,21,28,15,12,7,2,9,41,22,30,16,5,7,15,10,11
2021-05-02,Binghamton,UMass Lowell,Away,W,11,9,NA,11,7,18,36,25,37,24,13,9,7,16,33,18,27,20,4,9,9,11,14
2021-02-20,Boston U.,Merrimack,Away,L,15,12,NA,15,8,23,35,16,30,21,7,12,6,18,56,29,40,13,8,12,17,15,1
2021-02-27,Boston U.,Pace,Home,L,15,2,NA,15,9,24,58,32,32,12,10,2,0,2,21,11,14,23,3,2,9,15,17
2021-03-06,Boston U.,Army West Point,Home,L,10,12,NA,10,6,16,43,27,31,14,12,12,5,17,45,24,42,18,10,12,12,10,17
2021-03-12,Boston U.,Holy Cross,Away,W,16,6,NA,16,13,29,42,27,24,16,11,6,3,9,34,22,29,25,8,6,16,16,11
2021-03-20,Boston U.,Colgate,Home,W,16,11,NA,16,7,23,50,31,34,13,9,11,4,15,28,22,31,21,5,11,11,16,15
2021-03-27,Boston U.,Lafayette,Away,W,13,9,NA,13,7,20,38,28,37,21,11,9,5,14,40,25,42,19,13,9,16,13,15
2021-04-03,Boston U.,Utah,Home,L,10,11,2,10,5,15,53,23,38,21,9,11,5,16,39,20,32,21,10,11,9,10,13
2021-04-10,Boston U.,Colgate,Away,L,14,10,NA,14,9,23,39,24,22,17,6,10,7,17,43,23,26,14,5,10,13,14,10
2021-04-17,Boston U.,Army West Point,Away,L,8,14,NA,8,4,12,31,18,33,19,6,14,11,25,55,31,41,14,8,14,17,8,10
2021-04-23,Boston U.,Brown,Home,W,5,12,NA,5,2,7,31,16,29,18,9,12,6,18,48,27,34,18,9,12,15,5,11
2021-05-04,Boston U.,Colgate,Home,W,8,11,NA,8,4,12,40,21,27,17,12,11,5,16,38,23,51,20,10,11,12,8,13
2021-04-23,Brown,Boston U.,Away,W,12,5,NA,12,6,18,48,27,34,18,9,5,2,7,31,16,29,18,9,5,11,12,15
2021-02-13,Bryant,Providence,Home,W,9,8,NA,9,8,17,37,21,34,20,8,8,5,13,43,24,32,16,7,8,16,9,12
2021-02-20,Bryant,Stony Brook,Away,L,8,14,NA,8,4,12,41,24,32,17,6,14,9,23,40,24,34,13,7,14,10,8,16
2021-02-27,Bryant,Vermont,Home,W,15,12,NA,15,8,23,42,28,46,19,11,12,6,18,36,21,39,20,8,12,9,15,13
2021-03-06,Bryant,Merrimack,Home,L,20,8,NA,20,10,30,61,41,31,13,9,8,7,15,23,17,26,16,11,8,9,20,21
2021-03-21,Bryant,Wagner,Away,W,18,5,NA,18,8,26,49,32,42,15,9,5,4,9,30,18,30,18,9,5,13,18,14
2021-03-27,Bryant,Merrimack,Away,L,11,10,NA,11,6,17,33,22,28,20,8,10,2,12,32,23,30,21,8,10,13,11,11
2021-04-03,Bryant,Hobart,Home,L,10,11,NA,10,6,16,49,33,40,18,12,11,3,14,41,25,33,21,7,11,14,10,23
2021-04-17,Bryant,Saint Joseph's,Home,W,5,13,NA,5,2,7,43,20,26,18,12,13,7,20,45,30,52,25,7,13,17,5,15
2021-04-24,Bryant,Sacred Heart,Away,L,20,12,NA,20,8,28,51,30,34,13,8,12,9,21,42,24,35,16,5,12,12,20,10
2021-04-27,Bryant,LIU,Away,L,20,17,NA,20,9,29,78,50,49,8,4,17,9,26,37,26,24,13,3,17,9,20,30
2021-05-05,Bryant,Hobart,Away,L,14,12,NA,14,4,18,36,22,28,19,6,12,8,20,59,29,38,15,12,12,17,14,8
2021-05-08,Bryant,Saint Joseph's,Away,L,16,10,NA,16,7,23,47,27,45,13,6,10,4,14,49,28,31,15,7,10,18,16,11
2021-05-16,Bryant,Virginia,Away,W,11,13,NA,11,6,17,47,29,31,12,5,13,9,22,38,21,44,11,8,13,8,11,18
2021-03-07,Bucknell,Cleveland St.,Home,L,15,9,NA,15,8,23,41,29,38,17,18,9,6,15,32,17,34,25,13,9,8,15,14
2021-03-14,Bucknell,Lehigh,Home,W,6,18,NA,6,5,11,38,21,20,15,7,18,14,32,50,33,52,16,12,18,15,6,15
2021-03-20,Bucknell,Loyola Maryland,Away,W,10,24,NA,10,8,18,37,23,37,15,6,24,20,44,51,33,44,11,10,24,9,10,13
2021-03-28,Bucknell,Navy,Away,W,10,13,NA,10,5,15,47,27,38,18,6,13,11,24,35,23,42,15,11,13,10,10,17
2021-04-03,Bucknell,Colgate,Home,W,9,10,NA,9,5,14,48,27,36,9,8,10,6,16,37,19,29,14,3,10,9,9,18
2021-04-10,Bucknell,Lafayette,Home,L,14,6,NA,14,9,23,53,30,43,15,16,6,3,9,41,21,23,21,7,6,15,14,16
2021-04-16,Bucknell,Robert Morris,Home,L,7,8,NA,7,3,10,31,20,29,18,13,8,6,14,34,17,40,23,12,8,9,7,13
2021-04-24,Bucknell,Lehigh,Away,W,12,18,NA,12,9,21,44,24,27,13,8,18,16,34,44,31,43,14,8,18,13,12,12
2021-03-06,Canisius,Siena,Away,L,8,7,NA,8,3,11,30,15,31,27,5,7,6,13,31,19,33,23,6,7,12,8,7
2021-03-13,Canisius,Manhattan,Home,W,7,10,NA,7,5,12,36,21,32,21,12,10,5,15,25,14,23,22,9,10,4,7,14
2021-03-20,Canisius,Siena,Away,L,12,10,NA,12,9,21,30,25,34,26,5,10,6,16,50,22,36,13,18,10,12,12,13
2021-04-02,Canisius,Detroit Mercy,Home,W,5,13,NA,5,3,8,29,19,24,19,7,13,8,21,40,25,24,21,5,13,12,5,14
2021-04-06,Canisius,St. Bonaventure,Home,L,11,9,NA,11,8,19,43,26,37,19,7,9,4,13,32,18,26,20,8,9,9,11,15
2021-04-11,Canisius,St. Bonaventure,Away,W,11,12,NA,11,3,14,45,26,25,11,9,12,8,20,39,23,30,15,7,12,11,11,15
2021-04-17,Canisius,Quinnipiac,Away,W,12,16,NA,12,4,16,52,27,19,13,9,16,11,27,47,27,29,19,9,16,11,12,15
2021-04-23,Canisius,Monmouth,Home,W,8,7,NA,8,6,14,33,19,23,17,8,7,1,8,41,20,35,21,7,7,13,8,11
2021-04-30,Canisius,Marist,Home,W,14,13,NA,14,9,23,42,22,36,23,7,13,8,21,46,27,27,17,11,13,14,14,8
2021-05-05,Canisius,Manhattan,Away,L,5,10,NA,5,4,9,29,17,24,20,6,10,5,15,38,24,33,17,10,10,14,5,12
2021-02-28,Cleveland St.,Mercer,Away,L,9,10,NA,9,5,14,28,19,26,22,10,10,5,15,42,27,24,21,9,10,17,9,10
2021-03-07,Cleveland St.,Bucknell,Away,L,9,15,NA,9,6,15,32,17,34,25,13,15,8,23,41,29,38,17,18,15,14,9,8
2021-03-13,Cleveland St.,Bellarmine,Away,L,8,1,NA,8,7,15,30,24,16,13,6,1,1,2,39,18,22,14,6,1,17,8,16
2021-03-20,Cleveland St.,Notre Dame,Away,L,5,19,NA,5,4,9,30,16,24,12,5,19,11,30,57,32,41,11,8,19,13,5,11
2021-03-27,Cleveland St.,Marquette,Away,L,5,10,NA,5,2,7,35,14,24,21,4,10,7,17,33,17,22,11,10,10,7,5,9
2021-04-03,Cleveland St.,VMI,Home,L,16,4,NA,16,13,29,52,26,39,17,6,4,0,4,33,15,15,17,8,4,11,16,10
2021-04-10,Cleveland St.,Robert Morris,Away,L,7,15,NA,7,2,9,31,17,25,30,6,15,7,22,53,32,38,16,14,15,17,7,10
2021-04-17,Cleveland St.,Bellarmine,Away,L,4,11,NA,4,4,8,16,7,23,27,12,11,8,19,27,16,26,23,17,11,5,4,3
2021-04-24,Cleveland St.,Utah,Home,W,9,11,NA,9,6,15,42,24,37,15,15,11,5,16,32,18,25,24,5,11,7,9,15
2021-05-01,Cleveland St.,VMI,Away,L,14,11,NA,14,3,17,31,21,35,27,7,11,7,18,41,18,29,16,17,11,7,14,7
2021-02-21,Colgate,Robert Morris,Home,L,14,17,NA,14,13,27,42,28,29,19,4,17,10,27,48,34,42,12,7,17,17,14,14
2021-02-27,Colgate,UAlbany,Away,L,9,15,NA,9,5,14,27,19,23,20,5,15,12,27,32,22,37,18,8,15,7,9,10
2021-03-06,Colgate,Holy Cross,Home,W,12,11,1,12,7,19,40,24,31,19,5,11,5,16,37,20,19,17,6,11,9,12,12
2021-03-20,Colgate,Boston U.,Away,W,11,16,NA,11,4,15,28,22,31,21,5,16,7,23,50,31,34,13,9,16,15,11,11
2021-03-28,Colgate,Lehigh,Home,L,10,15,NA,10,3,13,35,19,29,19,7,15,5,20,41,28,29,14,3,15,13,10,9
2021-04-03,Colgate,Bucknell,Away,W,10,9,NA,10,6,16,37,19,29,14,3,9,5,14,48,27,36,9,8,9,18,10,9
2021-04-10,Colgate,Boston U.,Home,L,10,14,NA,10,7,17,43,23,26,14,5,14,9,23,39,24,22,17,6,14,10,10,13
2021-04-30,Colgate,Army West Point,Away,W,11,13,NA,11,6,17,39,24,39,19,5,13,6,19,39,26,40,11,17,13,13,11,13
2021-05-04,Colgate,Boston U.,Away,W,11,8,NA,11,5,16,38,23,51,20,10,8,4,12,40,21,27,17,12,8,13,11,12
2021-05-07,Colgate,Lehigh,Away,L,9,13,NA,9,7,16,35,18,36,16,9,13,8,21,38,21,47,23,8,13,8,9,9
2021-04-25,Dartmouth,Tufts,Home,W,9,15,NA,9,7,16,37,20,34,26,10,15,14,29,74,35,34,14,15,15,20,9,11
2021-02-17,Delaware,Mount St. Mary's,Away,L,7,10,NA,7,3,10,25,17,18,17,5,10,4,14,39,27,34,12,10,10,17,7,10
2021-02-20,Delaware,NJIT,Away,W,15,4,NA,15,8,23,53,35,35,15,9,4,2,6,45,13,24,11,7,4,9,15,20
2021-02-23,Delaware,Saint Joseph's,Home,W,16,13,NA,16,9,25,39,22,35,13,9,13,6,19,54,29,35,17,8,13,16,16,6
2021-02-28,Delaware,Bellarmine,Home,W,14,11,NA,14,8,22,42,23,44,23,10,11,2,13,27,20,31,21,13,11,9,14,9
2021-03-06,Delaware,Fairfield,Away,W,17,9,NA,17,14,31,53,32,39,11,11,9,5,14,27,18,33,22,4,9,9,17,15
2021-03-13,Delaware,Drexel,Away,L,19,12,NA,19,8,27,49,25,29,16,8,12,7,19,37,23,34,16,6,12,11,19,6
2021-03-20,Delaware,Towson,Home,W,13,12,1,13,5,18,41,25,28,19,8,12,8,20,37,23,37,14,15,12,11,13,12
2021-04-02,Delaware,Fairfield,Home,W,16,11,NA,16,11,27,54,32,41,21,9,11,6,17,39,24,32,20,8,11,13,16,16
2021-04-10,Delaware,Drexel,Home,W,9,12,NA,9,7,16,40,21,35,12,3,12,5,17,40,26,34,12,7,12,14,9,12
2021-04-17,Delaware,Hofstra,Away,L,14,13,1,14,9,23,43,27,29,11,5,13,5,18,46,25,33,11,7,13,12,14,13
2021-04-24,Delaware,Towson,Away,W,16,8,NA,16,10,26,32,23,38,10,7,8,3,11,35,21,24,14,7,8,13,16,7
2021-04-30,Delaware,Massachusetts,Home,W,9,6,NA,9,3,12,43,23,37,18,11,6,3,9,32,19,29,17,8,6,13,9,14
2021-05-06,Delaware,Hofstra,Away,L,9,10,NA,9,5,14,45,20,38,10,4,10,0,10,31,17,22,12,3,10,7,9,11
2021-01-30,Denver,Utah,Home,W,9,8,NA,9,6,15,49,25,27,13,8,8,4,12,36,19,22,16,5,8,11,9,16
2021-02-05,Denver,Duke,Away,W,10,12,NA,10,5,15,45,24,30,15,3,12,4,16,30,19,17,11,6,12,7,10,14
2021-02-07,Denver,North Carolina,Away,W,13,24,NA,13,4,17,42,26,30,15,0,24,15,39,53,34,33,9,11,24,10,13,13
2021-02-13,Denver,Air Force,Away,W,15,6,NA,15,12,27,58,32,37,18,10,6,4,10,35,17,20,17,7,6,11,15,17
2021-02-20,Denver,Marquette,Away,W,10,9,NA,10,6,16,49,25,27,17,8,9,5,14,36,18,24,16,10,9,9,10,15
2021-02-27,Denver,Providence,Home,W,23,10,NA,23,18,41,48,31,34,11,9,10,3,13,42,21,25,16,5,10,11,23,8
2021-03-06,Denver,St. John's (NY),Away,W,20,6,NA,20,13,33,64,39,42,18,10,6,3,9,27,21,26,17,7,6,15,20,19
2021-03-16,Denver,Georgetown,Home,L,13,7,NA,13,8,21,39,25,23,15,8,7,5,12,46,19,30,17,7,7,12,13,12
2021-03-27,Denver,Providence,Away,L,19,11,NA,19,14,33,63,35,46,18,3,11,5,16,32,22,20,11,3,11,11,19,16
2021-04-03,Denver,Marquette,Home,L,16,6,NA,16,9,25,45,32,32,13,8,6,3,9,37,14,26,16,8,6,8,16,16
2021-04-10,Denver,Villanova,Home,W,17,10,NA,17,9,26,36,25,36,16,11,10,5,15,38,22,27,16,9,10,12,17,8
2021-04-17,Denver,Georgetown,Away,W,10,11,1,10,6,16,36,24,30,14,6,11,8,19,48,26,27,13,5,11,15,10,14
2021-04-24,Denver,St. John's (NY),Home,W,19,11,NA,19,11,30,57,35,44,14,7,11,9,20,33,15,13,13,4,11,4,19,16
2021-04-28,Denver,Villanova,Away,L,11,10,1,11,6,17,36,21,29,17,5,10,4,14,50,30,21,8,11,10,20,11,10
2021-05-06,Denver,Providence,Away,W,14,5,NA,14,10,24,51,28,29,10,4,5,2,7,38,19,30,14,5,5,14,14,14
2021-05-08,Denver,"Georgetown Providence, R.I.",Away,L,9,10,NA,9,4,13,42,24,26,14,5,10,7,17,27,20,25,15,9,10,10,9,15
2021-05-16,Denver,Loyola Maryland,Home,L,13,14,NA,13,7,20,48,29,37,16,6,14,8,22,36,21,22,12,8,14,7,13,16
2021-03-06,Detroit Mercy,Marist,Away,W,11,15,NA,11,5,16,44,25,28,15,12,15,9,24,44,24,32,16,5,15,9,11,14
2021-03-13,Detroit Mercy,St. Bonaventure,Home,L,11,7,NA,11,6,17,48,25,38,17,12,7,5,12,38,21,18,18,7,7,14,11,14
2021-03-20,Detroit Mercy,Manhattan,Away,L,7,11,NA,7,3,10,40,22,30,23,7,11,7,18,38,20,23,21,6,11,9,7,15
2021-03-27,Detroit Mercy,Siena,Home,L,11,9,NA,11,5,16,49,23,43,21,11,9,6,15,31,22,21,19,8,9,13,11,12
2021-04-02,Detroit Mercy,Canisius,Away,W,13,5,NA,13,8,21,40,25,24,21,5,5,3,8,29,19,24,19,7,5,14,13,12
2021-04-09,Detroit Mercy,Monmouth,Away,W,7,9,NA,7,4,11,32,21,36,17,11,9,4,13,26,20,26,19,7,9,11,7,14
2021-04-30,Detroit Mercy,St. Bonaventure,Away,L,8,11,NA,8,4,12,40,20,27,18,7,11,6,17,30,21,29,20,7,11,10,8,12
2021-03-06,Drexel,Towson,Home,W,12,10,NA,12,8,20,43,24,21,16,11,10,4,14,36,22,27,19,7,10,12,12,12
2021-03-13,Drexel,Delaware,Home,L,12,19,NA,12,7,19,37,23,34,16,6,19,8,27,49,25,29,16,8,19,6,12,11
2021-03-20,Drexel,Massachusetts,Away,L,7,13,NA,7,5,12,50,28,32,17,8,13,10,23,37,26,39,19,9,13,13,7,21
2021-03-24,Drexel,Lafayette,Home,L,24,8,NA,24,16,40,49,32,39,19,18,8,5,13,34,16,26,27,9,8,8,24,8
2021-03-27,Drexel,Robert Morris,Home,W,19,13,NA,19,10,29,51,33,41,20,7,13,5,18,45,27,34,18,9,13,14,19,14
2021-04-03,Drexel,Massachusetts,Home,W,12,11,NA,12,7,19,38,21,28,14,6,11,5,16,36,19,26,21,3,11,8,12,9
2021-04-10,Drexel,Delaware,Away,W,12,9,NA,12,5,17,40,26,34,12,7,9,7,16,40,21,35,12,3,9,12,12,14
2021-04-17,Drexel,Fairfield,Away,W,19,7,NA,19,11,30,60,32,44,15,9,7,4,11,35,16,19,20,7,7,9,19,13
2021-04-24,Drexel,Hofstra,Home,L,12,8,NA,12,7,19,38,22,25,19,9,8,2,10,41,20,24,20,9,8,12,12,10
2021-05-01,Drexel,Towson,Away,L,12,11,NA,12,4,16,51,26,31,11,4,11,8,19,42,22,29,14,4,11,11,12,14
2021-05-06,Drexel,"Massachusetts Hempstead, NY",Away,W,13,8,NA,13,8,21,48,31,34,13,11,8,3,11,31,18,21,22,5,8,10,13,18
2021-05-08,Drexel,Hofstra,Away,L,15,11,NA,15,8,23,44,24,33,12,8,11,6,17,32,22,31,16,6,11,11,15,9
2021-05-15,Drexel,"Notre Dame Denver, Colo.",Away,L,8,10,NA,8,2,10,42,25,34,15,9,10,3,13,47,25,37,16,4,10,15,8,17
2021-02-05,Duke,Denver,Home,W,12,10,NA,12,4,16,30,19,17,11,6,10,5,15,45,24,30,15,3,10,14,12,7
2021-02-07,Duke,Robert Morris,Home,W,16,12,NA,16,11,27,50,31,43,14,11,12,7,19,40,26,26,18,8,12,14,16,15
2021-02-13,Duke,Mercer,Home,L,17,8,NA,17,10,27,35,27,36,21,12,8,3,11,29,14,31,27,8,8,6,17,10
2021-02-20,Duke,Towson,Away,W,19,7,NA,19,9,28,50,32,41,16,4,7,5,12,28,16,26,16,6,7,9,19,13
2021-02-27,Duke,Air Force,Home,L,17,7,NA,17,13,30,42,29,32,15,8,7,5,12,24,16,19,22,7,7,9,17,12
2021-03-07,Duke,Richmond,Away,W,13,6,NA,13,6,19,34,21,24,15,2,6,4,10,39,21,23,11,6,6,15,13,8
2021-03-10,Duke,High Point,Home,L,27,8,NA,27,13,40,51,32,42,15,8,8,3,11,38,20,23,17,3,8,12,27,5
2021-03-14,Duke,Jacksonville,Away,W,17,6,NA,17,14,31,48,35,38,11,5,6,4,10,23,11,25,23,5,6,5,17,18
2021-03-25,Duke,Syracuse,Home,W,15,14,NA,15,8,23,41,28,31,16,6,14,9,23,36,24,15,16,5,14,10,15,13
2021-04-01,Duke,North Carolina,Home,W,12,11,1,12,6,18,51,26,38,16,6,11,6,17,46,28,34,13,9,11,17,12,14
2021-04-10,Duke,Notre Dame,Away,L,8,13,NA,8,6,14,36,20,25,22,3,13,6,19,44,24,22,12,9,13,11,8,12
2021-04-15,Duke,Virginia,Away,L,13,12,1,13,6,19,50,29,25,14,4,12,5,17,49,28,42,10,10,12,16,13,16
2021-04-22,Duke,Notre Dame,Home,W,13,12,1,13,4,17,41,27,29,15,6,12,6,18,40,22,27,17,5,12,10,13,14
2021-05-02,Duke,North Carolina,Away,W,12,15,NA,12,8,20,39,23,22,13,4,15,5,20,50,27,37,11,6,15,12,12,11
2021-05-16,Duke,"High Point Chapel Hill, N.C.",Away,L,16,10,NA,16,9,25,43,28,37,13,6,10,6,16,34,24,21,11,7,10,14,16,12
2021-05-23,Duke,"Loyola Maryland Notre Dame, Ind.",Away,W,10,9,1,10,6,16,39,27,33,13,10,9,6,15,36,17,23,14,4,9,8,10,17
2021-05-29,Duke,"Maryland East Hartford, Conn.",Away,L,5,14,NA,5,3,8,32,22,29,16,10,14,9,23,32,25,40,23,6,14,11,5,17
2021-03-03,Fairfield,Providence,Away,W,17,18,NA,17,11,28,53,31,34,16,5,18,8,26,63,34,27,11,6,18,16,17,14
2021-03-06,Fairfield,Delaware,Home,W,9,17,NA,9,5,14,27,18,33,22,4,17,14,31,53,32,39,11,11,17,15,9,9
2021-03-10,Fairfield,Lafayette,Home,W,13,11,NA,13,7,20,46,27,34,15,11,11,2,13,41,26,31,15,8,11,15,13,14
2021-03-14,Fairfield,Massachusetts,Away,L,9,13,NA,9,3,12,30,19,30,21,9,13,8,21,39,25,30,15,12,13,12,9,10
2021-03-17,Fairfield,Sacred Heart,Home,L,14,8,NA,14,11,25,54,27,33,20,8,8,4,12,39,18,23,19,5,8,10,14,13
2021-03-26,Fairfield,Hofstra,Home,W,7,15,NA,7,6,13,31,18,23,19,7,15,6,21,48,33,29,15,5,15,18,7,11
2021-04-02,Fairfield,Delaware,Away,W,11,16,NA,11,6,17,39,24,32,20,8,16,11,27,54,32,41,21,9,16,16,11,13
2021-04-10,Fairfield,Towson,Away,W,11,12,NA,11,6,17,41,21,37,15,7,12,8,20,49,22,30,15,10,12,10,11,10
2021-04-17,Fairfield,Drexel,Home,W,7,19,NA,7,4,11,35,16,19,20,7,19,11,30,60,32,44,15,9,19,13,7,9
2021-04-24,Fairfield,Massachusetts,Home,L,14,21,NA,14,10,24,43,21,24,15,8,21,15,36,45,33,42,17,8,21,12,14,7
2021-04-30,Fairfield,Hofstra,Away,W,14,18,NA,14,10,24,47,31,33,15,8,18,11,29,44,31,36,21,7,18,13,14,17
2021-02-21,Georgetown,Villanova,Away,L,16,1,NA,16,12,28,43,26,27,14,11,1,0,1,27,7,12,19,4,1,6,16,10
2021-02-27,Georgetown,St. John's (NY),Home,W,19,1,NA,19,16,35,47,33,40,26,13,1,0,1,25,15,29,23,10,1,14,19,14
2021-03-02,Georgetown,Mount St. Mary's,Away,W,17,5,NA,17,14,31,45,23,36,21,16,5,3,8,19,12,20,27,6,5,7,17,6
2021-03-06,Georgetown,Marquette,Home,W,20,13,NA,20,12,32,56,33,51,18,8,13,8,21,36,26,37,15,9,13,13,20,13
2021-03-16,Georgetown,Denver,Away,L,7,13,NA,7,5,12,46,19,30,17,7,13,8,21,39,25,23,15,8,13,12,7,12
2021-03-20,Georgetown,Providence,Away,W,14,9,NA,14,7,21,47,34,33,11,8,9,2,11,41,14,23,17,5,9,5,14,20
2021-03-27,Georgetown,Villanova,Home,W,8,7,NA,8,4,12,51,23,30,9,10,7,4,11,35,18,28,16,4,7,11,8,15
2021-04-03,Georgetown,St. John's (NY),Away,W,20,7,NA,20,20,40,63,38,50,12,8,7,6,13,26,14,21,22,4,7,7,20,18
2021-04-10,Georgetown,Marquette,Away,W,10,8,NA,10,10,20,43,20,28,16,9,8,3,11,29,17,21,18,5,8,9,10,10
2021-04-17,Georgetown,Denver,Home,W,11,10,1,11,8,19,48,26,27,13,5,10,6,16,36,24,30,14,6,10,14,11,15
2021-04-24,Georgetown,Providence,Home,L,14,5,NA,14,10,24,45,29,32,15,11,5,4,9,51,30,33,14,9,5,25,14,15
2021-04-29,Georgetown,Loyola Maryland,Away,L,9,11,NA,9,8,17,39,22,37,18,4,11,6,17,38,23,26,15,10,11,12,9,13
2021-05-06,Georgetown,"Villanova Providence, R.I.",Away,L,14,12,NA,14,11,25,39,21,32,20,6,12,4,16,44,29,25,10,9,12,17,14,7
2021-05-08,Georgetown,"Denver Providence, R.I.",Away,W,10,9,NA,10,7,17,27,20,25,15,9,9,4,13,42,24,26,14,5,9,15,10,10
2021-05-15,Georgetown,"Syracuse College Park, Md.",Away,W,18,8,NA,18,7,25,43,33,33,8,9,8,4,12,33,18,23,13,3,8,10,18,15
2021-05-22,Georgetown,"Virginia Hempstead, N.Y.",Away,L,3,14,NA,3,2,5,27,13,16,18,3,14,4,18,45,22,31,15,12,14,8,3,10
2021-03-06,Hartford,UAlbany,Home,W,6,16,NA,6,2,8,34,16,33,21,9,16,11,27,43,29,32,17,7,16,13,6,10
2021-03-13,Hartford,UMass Lowell,Away,W,10,12,NA,10,2,12,33,23,35,16,11,12,4,16,40,19,31,17,8,12,7,10,13
2021-03-20,Hartford,UMBC,Home,L,10,13,NA,10,4,14,37,20,27,14,6,13,6,19,30,22,25,14,8,13,9,10,10
2021-03-27,Hartford,Vermont,Away,L,9,14,NA,9,6,15,35,18,28,15,11,14,5,19,50,32,37,17,10,14,18,9,9
2021-04-03,Hartford,Stony Brook,Home,W,6,17,NA,6,3,9,30,20,21,15,8,17,9,26,56,27,44,16,3,17,10,6,14
2021-04-10,Hartford,Binghamton,Away,L,8,7,NA,8,2,10,38,24,35,20,14,7,5,12,29,21,35,25,11,7,14,8,16
2021-04-17,Hartford,NJIT,Home,L,14,9,NA,14,10,24,43,29,30,13,10,9,3,12,40,20,28,20,4,9,11,14,15
2021-02-13,High Point,Robert Morris,Home,W,21,15,NA,21,10,31,48,34,35,19,17,15,9,24,41,25,25,20,13,15,10,21,13
2021-02-16,High Point,North Carolina,Away,W,15,17,NA,15,7,22,35,25,34,12,7,17,12,29,67,35,45,17,6,17,18,15,10
2021-02-27,High Point,North Carolina,Away,W,12,27,NA,12,7,19,34,20,15,17,6,27,11,38,54,36,44,14,11,27,9,12,8
2021-03-03,High Point,Virginia,Away,W,11,12,NA,11,4,15,38,28,39,25,12,12,8,20,43,27,59,26,10,12,15,11,17
2021-03-10,High Point,Duke,Away,L,8,27,NA,8,3,11,38,20,23,17,3,27,13,40,51,32,42,15,8,27,5,8,12
2021-03-19,High Point,VMI,Away,L,20,12,NA,20,13,33,38,29,36,19,6,12,4,16,31,20,28,20,11,12,8,20,9
2021-03-26,High Point,Richmond,Away,W,10,17,NA,10,2,12,34,23,23,17,7,17,13,30,50,34,31,14,14,17,17,10,13
2021-04-03,High Point,Bellarmine,Home,L,13,5,NA,13,12,25,33,17,36,21,5,5,5,10,33,17,20,11,6,5,12,13,4
2021-04-17,High Point,Mercer,Home,W,16,10,NA,16,8,24,48,28,27,15,10,10,9,19,34,23,27,19,6,10,13,16,12
2021-04-24,High Point,Air Force,Away,W,13,8,NA,13,8,21,45,25,31,16,6,8,5,13,45,20,27,11,11,8,12,13,12
2021-05-01,High Point,Jacksonville,Home,W,16,11,NA,16,12,28,39,22,32,16,6,11,6,17,42,25,27,13,3,11,14,16,6
2021-05-05,High Point,"Jacksonville Richmond, Va.",Away,W,11,9,NA,11,5,16,33,18,21,13,4,9,8,17,38,20,22,14,7,9,11,11,7
2021-05-07,High Point,Richmond,Away,W,11,8,NA,11,4,15,28,22,26,21,3,8,4,12,30,20,23,13,16,8,12,11,11
2021-05-16,High Point,"Duke Chapel Hill, N.C.",Away,W,10,16,NA,10,6,16,34,24,21,11,7,16,9,25,43,28,37,13,6,16,12,10,14
2021-03-06,Hobart Statesmen,Mount St. Mary's,Home,L,13,9,NA,13,5,18,53,29,32,15,6,9,5,14,50,25,23,11,8,9,16,13,16
2021-03-13,Hobart Statesmen,LIU,Away,W,12,14,NA,12,6,18,53,36,24,14,2,14,6,20,40,26,24,11,6,14,12,12,24
2021-03-20,Hobart Statesmen,Mount St. Mary's,Away,W,13,9,NA,13,5,18,42,24,33,19,4,9,4,13,40,22,39,13,7,9,13,13,11
2021-04-03,Hobart Statesmen,Bryant,Away,L,11,10,NA,11,3,14,41,25,33,21,7,10,6,16,49,33,40,18,12,10,23,11,14
2021-04-10,Hobart Statesmen,Saint Joseph's,Home,L,12,13,1,12,4,16,44,22,32,19,9,13,9,22,50,28,27,17,7,13,15,12,10
2021-04-24,Hobart Statesmen,Merrimack,Home,W,14,10,NA,14,10,24,50,28,34,14,10,10,5,15,37,20,18,16,6,10,10,14,14
2021-04-27,Hobart Statesmen,Wagner,Away,L,9,8,1,9,6,15,49,21,29,12,5,8,1,9,28,14,23,19,4,8,6,9,12
2021-05-01,Hobart Statesmen,Sacred Heart,Home,W,14,12,NA,14,10,24,49,28,46,19,10,12,5,17,38,20,20,14,6,12,8,14,14
2021-05-05,Hobart Statesmen,Bryant,Home,L,12,14,NA,12,8,20,59,29,38,15,12,14,4,18,36,22,28,19,6,14,8,12,17
2021-02-13,Hofstra,St. John's (NY),Home,L,18,19,1,18,10,28,35,24,43,29,6,19,10,29,53,31,38,12,12,19,12,18,6
2021-02-20,Hofstra,Sacred Heart,Away,W,13,6,NA,13,7,20,44,25,30,11,7,6,3,9,32,17,19,11,5,6,11,13,12
2021-02-27,Hofstra,Stony Brook,Home,W,20,17,NA,20,9,29,41,28,33,17,4,17,9,26,52,33,32,11,6,17,16,20,8
2021-03-02,Hofstra,Wagner,Home,L,18,6,NA,18,10,28,45,31,33,13,11,6,3,9,22,11,20,28,2,6,5,18,13
2021-03-26,Hofstra,Fairfield,Away,W,15,7,NA,15,6,21,48,33,29,15,5,7,6,13,31,18,23,19,7,7,11,15,18
2021-03-30,Hofstra,Massachusetts,Home,L,10,16,NA,10,5,15,37,23,28,15,6,16,12,28,34,23,36,20,6,16,7,10,13
2021-04-03,Hofstra,Towson,Home,W,8,7,NA,8,5,13,31,18,26,22,3,7,6,13,31,19,19,17,5,7,12,8,10
2021-04-09,Hofstra,Massachusetts,Away,L,12,11,NA,12,8,20,36,25,37,18,7,11,6,17,31,18,28,19,10,11,7,12,13
2021-04-13,Hofstra,Towson,Away,L,8,10,NA,8,3,11,36,22,35,12,9,10,5,15,36,17,21,13,9,10,7,8,14
2021-04-17,Hofstra,Delaware,Home,L,13,14,1,13,5,18,46,25,33,11,7,14,9,23,43,27,29,11,5,14,13,13,12
2021-04-24,Hofstra,Drexel,Away,L,8,12,NA,8,2,10,41,20,24,20,9,12,7,19,38,22,25,19,9,12,10,8,12
2021-04-30,Hofstra,Fairfield,Home,W,18,14,NA,18,11,29,44,31,36,21,7,14,10,24,47,31,33,15,8,14,17,18,13
2021-05-06,Hofstra,Delaware,Home,L,10,9,NA,10,0,10,31,17,22,12,3,9,5,14,45,20,38,10,4,9,11,10,7
2021-05-08,Hofstra,Drexel,Home,L,11,15,NA,11,6,17,32,22,31,16,6,15,8,23,44,24,33,12,8,15,9,11,11
2021-02-27,Holy Cross,Sacred Heart,Home,W,11,10,NA,11,6,17,40,25,29,13,10,10,7,17,43,28,30,16,1,10,18,11,14
2021-03-06,Holy Cross,Colgate,Away,W,11,12,1,11,5,16,37,20,19,17,6,12,7,19,40,24,31,19,5,12,12,11,9
2021-03-12,Holy Cross,Boston U.,Home,W,6,16,NA,6,3,9,34,22,29,25,8,16,13,29,42,27,24,16,11,16,11,6,16
2021-03-20,Holy Cross,Syracuse,Away,L,6,15,NA,6,2,8,20,11,28,24,8,15,9,24,65,34,38,11,14,15,19,6,5
2021-03-27,Holy Cross,Army West Point,Away,L,3,13,NA,3,2,5,27,14,20,17,6,13,12,25,45,29,36,11,9,13,16,3,11
2021-04-04,Holy Cross,Lafayette,Home,L,10,7,NA,10,9,19,34,19,23,19,12,7,5,12,27,18,20,18,12,7,11,10,9
2021-02-10,Jacksonville,Bellarmine,Home,L,19,8,NA,19,17,36,46,28,42,15,11,8,6,14,22,12,20,17,8,8,4,19,9
2021-02-13,Jacksonville,North Carolina,Away,L,7,18,NA,7,4,11,24,14,23,18,5,18,7,25,53,30,34,12,7,18,12,7,7
2021-02-20,Jacksonville,"Mercer Savannah, Ga.",Away,L,12,11,1,12,10,22,42,29,24,15,9,11,6,17,42,23,32,20,3,11,12,12,17
2021-02-28,Jacksonville,Navy,Away,L,6,13,NA,6,5,11,29,15,28,20,11,13,5,18,31,21,43,14,9,13,8,6,9
2021-03-06,Jacksonville,Utah,Away,L,8,3,NA,8,2,10,40,20,33,11,7,3,2,5,16,6,18,21,5,3,3,8,12
2021-03-14,Jacksonville,Duke,Home,W,6,17,NA,6,4,10,23,11,25,23,5,17,14,31,48,35,38,11,5,17,18,6,5
2021-03-21,Jacksonville,Mercer,Away,W,16,6,NA,16,9,25,45,35,27,27,10,6,4,10,34,17,22,24,21,6,11,16,19
2021-03-27,Jacksonville,VMI,Home,W,18,12,NA,18,11,29,44,32,50,24,11,12,7,19,42,24,33,18,13,12,12,18,14
2021-04-03,Jacksonville,"Robert Morris Fort Mill, S.C.",Away,W,15,16,NA,15,8,23,28,19,26,14,1,16,8,24,44,34,35,17,10,16,17,15,7
2021-04-10,Jacksonville,Air Force,Home,L,11,5,NA,11,4,15,41,22,34,22,8,5,1,6,44,21,28,13,8,5,16,11,11
2021-04-17,Jacksonville,Richmond,Away,L,7,14,NA,7,5,12,30,19,22,17,4,14,9,23,39,21,30,20,8,14,7,7,12
2021-04-24,Jacksonville,Bellarmine,Home,W,8,7,NA,8,4,12,35,24,28,16,10,7,3,10,30,15,17,15,6,7,8,8,16
2021-05-01,Jacksonville,High Point,Away,W,11,16,NA,11,6,17,42,25,27,13,3,16,12,28,39,22,32,16,6,16,6,11,14
2021-05-05,Jacksonville,"High Point Richmond, Va.",Away,L,9,11,NA,9,8,17,38,20,22,14,7,11,5,16,33,18,21,13,4,11,7,9,11
2021-02-20,Johns Hopkins,Ohio St.,Home,W,8,14,NA,8,3,11,32,19,26,19,5,14,3,17,37,27,33,16,5,14,13,8,11
2021-02-27,Johns Hopkins,Michigan,Away,W,14,7,NA,14,10,24,33,21,28,15,8,7,4,11,34,13,31,21,7,7,6,14,7
2021-03-06,Johns Hopkins,Maryland,Away,W,10,18,NA,10,7,17,33,24,20,15,4,18,13,31,41,27,31,10,10,18,9,10,14
2021-03-13,Johns Hopkins,Penn St.,Home,L,13,6,NA,13,6,19,46,27,28,10,9,6,2,8,22,12,25,20,5,6,6,13,14
2021-03-20,Johns Hopkins,Rutgers,Home,W,9,15,NA,9,5,14,31,21,27,18,6,15,12,27,46,21,26,13,7,15,6,9,12
2021-03-28,Johns Hopkins,Penn St.,Away,L,8,11,NA,8,4,12,39,23,39,14,11,11,8,19,39,20,35,22,7,11,9,8,15
2021-04-04,Johns Hopkins,Michigan,Home,L,10,13,NA,10,8,18,38,26,35,16,9,13,6,19,34,21,27,20,6,13,8,10,16
2021-04-10,Johns Hopkins,Ohio St.,Away,W,12,14,NA,12,5,17,37,19,31,15,4,14,9,23,39,22,30,14,6,14,8,12,7
2021-04-17,Johns Hopkins,Rutgers,Away,W,11,17,NA,11,7,18,33,26,22,17,4,17,11,28,44,28,30,9,7,17,11,11,15
2021-04-24,Johns Hopkins,Maryland,Home,L,13,14,NA,13,8,21,38,23,30,13,6,14,6,20,39,25,33,12,5,14,11,13,10
2021-05-01,Johns Hopkins,Penn St.,Away,W,15,7,NA,15,9,24,31,21,28,13,10,7,5,12,36,19,28,17,5,7,12,15,6
2021-05-06,Johns Hopkins,"Rutgers University Park, Pa.",Away,L,12,10,NA,12,4,16,36,24,34,16,5,10,4,14,42,22,26,13,5,10,12,12,12
2021-05-08,Johns Hopkins,"Maryland University Park, Pa.",Away,W,10,12,NA,10,4,14,33,17,37,18,9,12,7,19,33,15,25,16,7,12,3,10,7
2021-02-24,LIU,Sacred Heart,Away,W,10,12,NA,10,6,16,38,25,26,24,1,12,4,16,62,33,42,9,13,12,21,10,15
2021-02-27,LIU,Wagner,Home,L,19,8,NA,19,13,32,42,34,35,18,8,8,6,14,22,16,24,21,5,8,8,19,15
2021-03-06,LIU,Sacred Heart,Away,L,13,10,NA,13,9,22,39,31,35,12,3,10,5,15,44,28,23,11,4,10,18,13,18
2021-03-13,LIU,Hobart,Home,W,14,12,NA,14,6,20,40,26,24,11,6,12,6,18,53,36,24,14,2,12,24,14,12
2021-03-20,LIU,Sacred Heart,Home,L,13,8,NA,13,7,20,51,33,40,20,4,8,6,14,43,27,28,14,4,8,19,13,20
2021-03-27,LIU,Wagner,Away,L,18,13,NA,18,12,30,42,33,38,12,7,13,11,24,53,26,34,14,6,13,13,18,15
2021-04-03,LIU,Merrimack,Away,W,10,14,NA,10,7,17,35,24,33,18,11,14,4,18,39,26,27,20,10,14,12,10,14
2021-04-17,LIU,Mount St. Mary's,Home,W,17,15,NA,17,10,27,42,26,36,17,5,15,10,25,40,31,37,14,11,15,16,17,9
2021-04-24,LIU,Saint Joseph's,Away,W,13,14,NA,13,10,23,30,19,27,18,5,14,11,25,48,33,30,17,12,14,19,13,6
2021-04-27,LIU,Bryant,Home,L,17,20,NA,17,9,26,37,26,24,13,3,20,9,29,78,50,49,8,4,20,30,17,9
2021-05-05,LIU,Saint Joseph's,Away,W,11,19,NA,11,4,15,28,16,24,21,11,19,15,34,45,32,45,13,16,19,13,11,5
2021-03-06,Lafayette,VMI,Home,L,12,13,NA,12,9,21,30,18,37,19,8,13,9,22,44,27,43,15,14,13,14,12,6
2021-03-10,Lafayette,Fairfield,Away,W,11,13,NA,11,2,13,41,26,31,15,8,13,7,20,46,27,34,15,11,13,14,11,15
2021-03-13,Lafayette,Loyola Maryland,Away,L,6,16,NA,6,2,8,23,11,28,23,4,16,8,24,57,35,39,11,13,16,19,6,5
2021-03-24,Lafayette,Drexel,Away,L,8,24,NA,8,5,13,34,16,26,27,9,24,16,40,49,32,39,19,18,24,8,8,8
2021-03-27,Lafayette,Boston U.,Home,W,9,13,NA,9,5,14,40,25,42,19,13,13,7,20,38,28,37,21,11,13,15,9,16
2021-04-04,Lafayette,Holy Cross,Away,L,7,10,NA,7,5,12,27,18,20,18,12,10,9,19,34,19,23,19,12,10,9,7,11
2021-04-10,Lafayette,Bucknell,Away,L,6,14,NA,6,3,9,41,21,23,21,7,14,9,23,53,30,43,15,16,14,16,6,15
2021-04-16,Lafayette,Lehigh,Home,L,11,18,NA,11,5,16,33,23,26,7,6,18,9,27,47,33,45,13,6,18,15,11,12
2021-04-18,Lafayette,Lehigh,Away,W,11,14,NA,11,6,17,28,21,31,11,6,14,8,22,48,28,40,14,7,14,14,11,10
2021-04-24,Lafayette,Loyola Maryland,Home,W,7,11,NA,7,4,11,25,16,36,18,7,11,7,18,36,19,33,16,12,11,8,7,9
2021-05-01,Lafayette,Navy,Home,L,10,14,NA,10,2,12,41,24,24,10,5,14,6,20,34,22,37,14,4,14,8,10,14
2021-02-27,Lehigh,NJIT,Home,W,24,10,NA,24,15,39,54,38,44,8,8,10,5,15,34,20,29,13,5,10,10,24,14
2021-03-06,Lehigh,Loyola Maryland,Home,L,10,6,NA,10,4,14,46,21,49,16,11,6,4,10,29,23,23,12,7,6,17,10,11
2021-03-14,Lehigh,Bucknell,Away,W,18,6,NA,18,14,32,50,33,52,16,12,6,5,11,38,21,20,15,7,6,15,18,15
2021-03-28,Lehigh,Colgate,Away,L,15,10,NA,15,5,20,41,28,29,14,3,10,3,13,35,19,29,19,7,10,9,15,13
2021-04-03,Lehigh,Army West Point,Home,W,13,12,NA,13,7,20,40,24,51,21,9,12,5,17,41,22,33,16,10,12,10,13,11
2021-04-10,Lehigh,Navy,Home,L,13,7,NA,13,11,24,55,28,42,11,4,7,4,11,36,21,25,10,2,7,14,13,15
2021-04-16,Lehigh,Lafayette,Away,L,18,11,NA,18,9,27,47,33,45,13,6,11,5,16,33,23,26,7,6,11,12,18,15
2021-04-18,Lehigh,Lafayette,Home,W,14,11,NA,14,8,22,48,28,40,14,7,11,6,17,28,21,31,11,6,11,10,14,14
2021-04-24,Lehigh,Bucknell,Home,W,18,12,NA,18,16,34,44,31,43,14,8,12,9,21,44,24,27,13,8,12,12,18,13
2021-05-01,Lehigh,Villanova,Away,L,8,16,NA,8,2,10,41,18,30,24,5,16,10,26,43,30,24,14,15,16,14,8,10
2021-05-07,Lehigh,Colgate,Home,L,13,9,NA,13,8,21,38,21,47,23,8,9,7,16,35,18,36,16,9,9,9,13,8
2021-05-15,Lehigh,"Rutgers Charlottesville, Va.",Away,L,5,12,NA,5,4,9,35,22,31,14,6,12,7,19,42,29,30,12,10,12,17,5,17
2021-02-14,Loyola Maryland,Richmond,Away,L,8,7,1,8,5,13,36,20,28,19,11,7,3,10,32,17,26,18,12,7,10,8,12
2021-02-20,Loyola Maryland,Virginia,Home,L,12,15,NA,12,5,17,46,21,36,14,7,15,3,18,50,25,26,11,4,15,10,12,9
2021-02-27,Loyola Maryland,Utah,Home,L,20,8,NA,20,11,31,49,27,31,13,10,8,4,12,30,15,23,15,3,8,7,20,7
2021-03-06,Loyola Maryland,Lehigh,Away,L,6,10,NA,6,4,10,29,23,23,12,7,10,4,14,46,21,49,16,11,10,11,6,17
2021-03-13,Loyola Maryland,Lafayette,Home,L,16,6,NA,16,8,24,57,35,39,11,13,6,2,8,23,11,28,23,4,6,5,16,19
2021-03-20,Loyola Maryland,Bucknell,Home,W,24,10,NA,24,20,44,51,33,44,11,10,10,8,18,37,23,37,15,6,10,13,24,9
2021-03-27,Loyola Maryland,Towson,Away,W,6,7,1,6,2,8,34,14,27,16,6,7,1,8,38,15,28,13,2,7,8,6,8
2021-04-03,Loyola Maryland,Navy,Away,L,14,10,NA,14,9,23,40,27,40,20,5,10,7,17,40,22,36,12,8,10,12,14,13
2021-04-10,Loyola Maryland,Army West Point,Home,W,7,12,NA,7,4,11,45,23,39,11,8,12,4,16,35,18,26,15,5,12,6,7,16
2021-04-17,Loyola Maryland,Navy,Home,L,12,14,NA,12,6,18,42,27,45,15,9,14,10,24,42,27,39,18,9,14,13,12,15
2021-04-24,Loyola Maryland,Lafayette,Away,W,11,7,NA,11,7,18,36,19,33,16,12,7,4,11,25,16,36,18,7,7,9,11,8
2021-04-29,Loyola Maryland,Georgetown,Home,L,11,9,NA,11,6,17,38,23,26,15,10,9,8,17,39,22,37,18,4,9,13,11,12
2021-05-04,Loyola Maryland,Navy,Home,L,16,9,NA,16,9,25,46,30,40,12,8,9,6,15,30,18,25,14,3,9,9,16,14
2021-05-07,Loyola Maryland,"Army West Point Bethlehem, Pa.",Away,L,11,10,NA,11,7,18,34,23,36,14,8,10,6,16,43,22,40,17,7,10,12,11,12
2021-05-16,Loyola Maryland,Denver,Away,L,14,13,NA,14,8,22,36,21,22,12,8,13,7,20,48,29,37,16,6,13,16,14,7
2021-05-23,Loyola Maryland,"Duke Notre Dame, Ind.",Away,L,9,10,1,9,6,15,36,17,23,14,4,10,6,16,39,27,33,13,10,10,17,9,8
2021-03-06,Manhattan,Monmouth,Away,W,5,8,NA,5,2,7,25,14,24,20,8,8,6,14,34,23,27,18,10,8,15,5,9
2021-03-13,Manhattan,Canisius,Away,W,10,7,NA,10,5,15,25,14,23,22,9,7,5,12,36,21,32,21,12,7,14,10,4
2021-03-20,Manhattan,Detroit Mercy,Home,L,11,7,NA,11,7,18,38,20,23,21,6,7,3,10,40,22,30,23,7,7,15,11,9
2021-03-26,Manhattan,Monmouth,Home,W,9,8,2,9,6,15,37,19,14,13,9,8,5,13,37,19,34,23,7,8,11,9,10
2021-04-02,Manhattan,St. Bonaventure,Away,W,8,9,NA,8,4,12,36,22,24,10,7,9,8,17,29,19,32,19,6,9,10,8,15
2021-04-10,Manhattan,Quinnipiac,Away,W,12,13,2,12,7,19,42,21,16,17,9,13,6,19,48,24,37,24,9,13,11,12,9
2021-04-17,Manhattan,Siena,Home,W,13,12,2,13,6,19,50,30,34,17,11,12,5,17,55,27,44,19,10,12,15,13,17
2021-04-24,Manhattan,Marist,Away,L,7,14,NA,7,2,9,43,20,30,15,6,14,7,21,58,31,32,13,8,14,17,7,13
2021-05-05,Manhattan,Canisius,Home,L,10,5,NA,10,5,15,38,24,33,17,10,5,4,9,29,17,24,20,6,5,12,10,14
2021-05-08,Manhattan,Monmouth,Home,W,9,14,NA,9,6,15,28,19,17,12,7,14,3,17,32,20,33,21,7,14,6,9,10
2021-03-06,Marist,Detroit Mercy,Home,W,15,11,NA,15,9,24,44,24,32,16,5,11,5,16,44,25,28,15,12,11,14,15,9
2021-04-20,Marist,Quinnipiac,Home,L,14,9,NA,14,6,20,46,28,22,15,10,9,3,12,50,23,39,22,9,9,14,14,14
2021-04-24,Marist,Manhattan,Home,L,14,7,NA,14,7,21,58,31,32,13,8,7,2,9,43,20,30,15,6,7,13,14,17
2021-04-30,Marist,Canisius,Away,W,13,14,NA,13,8,21,46,27,27,17,11,14,9,23,42,22,36,23,7,14,8,13,14
2021-02-20,Marquette,Denver,Home,W,9,10,NA,9,5,14,36,18,24,16,10,10,6,16,49,25,27,17,8,10,15,9,9
2021-02-27,Marquette,Villanova,Home,L,14,16,NA,14,9,23,39,21,28,11,5,16,7,23,51,31,22,10,3,16,15,14,7
2021-03-06,Marquette,Georgetown,Away,W,13,20,NA,13,8,21,36,26,37,15,9,20,12,32,56,33,51,18,8,20,13,13,13
2021-03-13,Marquette,Providence,Home,W,8,12,NA,8,5,13,44,22,25,11,10,12,8,20,47,28,29,16,2,12,16,8,14
2021-03-17,Marquette,Notre Dame,Away,L,3,10,NA,3,1,4,38,21,25,14,7,10,8,18,48,24,34,15,8,10,14,3,18
2021-03-27,Marquette,Cleveland St.,Home,L,10,5,NA,10,7,17,33,17,22,11,10,5,2,7,35,14,24,21,4,5,9,10,7
2021-04-03,Marquette,Denver,Away,L,6,16,NA,6,3,9,37,14,26,16,8,16,9,25,45,32,32,13,8,16,16,6,8
2021-04-10,Marquette,Georgetown,Home,W,8,10,NA,8,3,11,29,17,21,18,5,10,10,20,43,20,28,16,9,10,10,8,9
2021-04-14,Marquette,St. John's (NY),Home,W,9,8,1,9,6,15,54,28,36,17,9,8,6,14,34,20,24,20,5,8,12,9,19
2021-04-17,Marquette,Providence,Away,L,7,6,4,7,4,11,45,22,24,22,5,6,3,9,47,24,31,20,12,6,18,7,15
2021-04-24,Marquette,Villanova,Away,L,8,19,NA,8,4,12,37,18,27,17,4,19,13,32,41,27,27,12,11,19,8,8,10
2021-04-30,Marquette,St. John's (NY),Away,L,15,14,NA,15,6,21,42,28,32,12,8,14,9,23,49,31,32,18,6,14,17,15,13
2021-02-20,Maryland,Michigan,Home,L,20,9,NA,20,11,31,48,30,42,12,8,9,4,13,32,15,25,19,2,9,6,20,10
2021-02-26,Maryland,Penn St.,Away,W,13,7,NA,13,11,24,33,24,34,15,14,7,3,10,37,23,40,23,7,7,16,13,11
2021-03-06,Maryland,Johns Hopkins,Home,W,18,10,NA,18,13,31,41,27,31,10,10,10,7,17,33,24,20,15,4,10,14,18,9
2021-03-13,Maryland,Rutgers,Home,W,19,12,NA,19,10,29,45,26,30,9,8,12,8,20,39,21,28,11,3,12,9,19,7
2021-03-20,Maryland,Ohio St.,Away,W,16,8,NA,16,12,28,41,30,29,12,4,8,4,12,35,19,31,18,8,8,11,16,14
2021-03-28,Maryland,Rutgers,Away,W,13,9,NA,13,7,20,40,23,31,19,7,9,1,10,34,16,24,18,10,9,7,13,10
2021-04-03,Maryland,Penn St.,Home,W,17,10,NA,17,9,26,42,25,36,13,8,10,6,16,38,25,26,18,5,10,15,17,8
2021-04-10,Maryland,Michigan,Away,L,18,12,NA,18,13,31,41,27,25,8,4,12,9,21,32,25,26,10,4,12,13,18,9
2021-04-18,Maryland,Ohio St.,Home,L,18,8,NA,18,12,30,42,25,34,14,11,8,4,12,36,21,35,15,6,8,13,18,7
2021-04-24,Maryland,Johns Hopkins,Away,L,14,13,NA,14,6,20,39,25,33,12,5,13,8,21,38,23,30,13,6,13,10,14,11
2021-05-06,Maryland,"Michigan University Park, Pa.",Away,W,16,8,NA,16,11,27,46,27,31,9,5,8,3,11,32,19,25,10,1,8,11,16,11
2021-05-08,Maryland,"Johns Hopkins University Park, Pa.",Away,L,12,10,NA,12,7,19,33,15,25,16,7,10,4,14,33,17,37,18,9,10,7,12,3
2021-05-16,Maryland,Vermont,Home,W,17,11,NA,17,6,23,40,29,44,13,12,11,7,18,30,18,31,22,6,11,7,17,12
2021-05-22,Maryland,Notre Dame,Away,L,14,13,1,14,7,21,42,30,30,10,11,13,7,20,40,23,36,18,5,13,10,14,16
2021-05-29,Maryland,"Duke East Hartford, Conn.",Away,W,14,5,NA,14,9,23,32,25,40,23,6,5,3,8,32,22,29,16,10,5,17,14,11
2021-05-31,Maryland,"Virginia East Hartford, Conn.",Away,W,16,17,NA,16,12,28,49,28,41,10,10,17,8,25,39,28,37,14,6,17,11,16,12
2021-03-14,Massachusetts,Fairfield,Home,L,13,9,NA,13,8,21,39,25,30,15,12,9,3,12,30,19,30,21,9,9,10,13,12
2021-03-20,Massachusetts,Drexel,Home,L,13,7,NA,13,10,23,37,26,39,19,9,7,5,12,50,28,32,17,8,7,21,13,13
2021-03-23,Massachusetts,UAlbany,Away,W,12,13,NA,12,8,20,45,28,37,11,5,13,10,23,41,23,42,18,4,13,10,12,16
2021-03-30,Massachusetts,Hofstra,Away,L,16,10,NA,16,12,28,34,23,36,20,6,10,5,15,37,23,28,15,6,10,13,16,7
2021-04-03,Massachusetts,Drexel,Away,W,11,12,NA,11,5,16,36,19,26,21,3,12,7,19,38,21,28,14,6,12,9,11,8
2021-04-09,Massachusetts,Hofstra,Home,L,11,12,NA,11,6,17,31,18,28,19,10,12,8,20,36,25,37,18,7,12,13,11,7
2021-04-17,Massachusetts,Towson,Home,L,6,9,NA,6,3,9,31,19,35,21,12,9,5,14,34,19,25,20,6,9,10,6,13
2021-04-24,Massachusetts,Fairfield,Away,L,21,14,NA,21,15,36,45,33,42,17,8,14,10,24,43,21,24,15,8,14,7,21,12
2021-04-30,Massachusetts,Delaware,Away,W,6,9,NA,6,3,9,32,19,29,17,8,9,3,12,43,23,37,18,11,9,14,6,13
2021-05-06,Massachusetts,"Drexel Hempstead, NY",Away,L,8,13,NA,8,3,11,31,18,21,22,5,13,8,21,48,31,34,13,11,13,18,8,10
2021-01-30,Mercer,Bellarmine,Home,L,7,9,NA,7,4,11,31,17,40,31,14,9,3,12,29,15,20,22,17,9,6,7,10
2021-02-06,Mercer,Lenoir-Rhyne,Home,L,17,4,NA,17,7,24,57,31,33,17,10,4,1,5,19,10,18,21,7,4,6,17,14
2021-02-13,Mercer,Duke,Away,L,8,17,NA,8,3,11,29,14,31,27,8,17,10,27,35,27,36,21,12,17,10,8,6
2021-02-20,Mercer,"Jacksonville Savannah, Ga.",Away,W,11,12,1,11,6,17,42,23,32,20,3,12,10,22,42,29,24,15,9,12,17,11,12
2021-02-28,Mercer,Cleveland St.,Home,L,10,9,NA,10,5,15,42,27,24,21,9,9,5,14,28,19,26,22,10,9,10,10,17
2021-03-06,Mercer,North Carolina,Away,L,8,16,NA,8,3,11,39,19,29,19,6,16,8,24,45,33,30,15,12,16,17,8,11
2021-03-21,Mercer,Jacksonville,Home,W,6,16,NA,6,4,10,34,17,22,24,21,16,9,25,45,35,27,27,10,16,19,6,11
2021-03-27,Mercer,Utah,Home,W,15,10,NA,15,10,25,47,25,45,16,8,10,6,16,47,27,24,12,4,10,17,15,10
2021-04-03,Mercer,Air Force,Away,L,15,13,NA,15,10,25,34,24,23,12,3,13,6,19,51,27,24,8,7,13,14,15,9
2021-04-17,Mercer,High Point,Away,W,10,16,NA,10,9,19,34,23,27,19,6,16,8,24,48,28,27,15,10,16,12,10,13
2021-04-24,Mercer,VMI,Home,L,17,9,NA,17,9,26,43,28,42,21,5,9,6,15,40,20,27,12,5,9,11,17,11
2021-04-25,Mercer,Richmond,Home,W,8,21,NA,8,6,14,26,16,23,16,12,21,14,35,55,36,36,17,9,21,15,8,8
2021-05-01,Mercer,Bellarmine,Away,L,8,11,NA,8,7,15,35,21,29,24,7,11,7,18,31,21,10,13,7,11,10,8,13
2021-02-20,Merrimack,Boston U.,Home,L,12,15,NA,12,6,18,56,29,40,13,8,15,8,23,35,16,30,21,7,15,1,12,17
2021-02-27,Merrimack,UMass Lowell,Away,W,16,8,NA,16,10,26,45,30,40,22,12,8,3,11,37,19,33,26,11,8,11,16,14
2021-03-06,Merrimack,Bryant,Away,L,8,20,NA,8,7,15,23,17,26,16,11,20,10,30,61,41,31,13,9,20,21,8,9
2021-03-13,Merrimack,Wagner,Home,L,11,5,NA,11,6,17,51,32,43,13,17,5,4,9,20,8,23,29,5,5,3,11,21
2021-03-20,Merrimack,Saint Joseph's,Away,W,7,9,NA,7,3,10,28,15,28,19,8,9,6,15,42,22,35,19,13,9,13,7,8
2021-03-27,Merrimack,Bryant,Home,L,10,11,NA,10,2,12,32,23,30,21,8,11,6,17,33,22,28,20,8,11,11,10,13
2021-04-03,Merrimack,LIU,Home,W,14,10,NA,14,4,18,39,26,27,20,10,10,7,17,35,24,33,18,11,10,14,14,12
2021-04-10,Merrimack,Mount St. Mary's,Away,L,12,11,NA,12,7,19,32,23,30,17,4,11,7,18,43,23,26,10,12,11,12,12,11
2021-04-17,Merrimack,Sacred Heart,Home,W,14,10,NA,14,8,22,43,24,31,15,7,10,2,12,30,19,23,15,6,10,9,14,10
2021-04-24,Merrimack,Hobart,Away,W,10,14,NA,10,5,15,37,20,18,16,6,14,10,24,50,28,34,14,10,14,14,10,10
2021-02-20,Michigan,Maryland,Away,L,9,20,NA,9,4,13,32,15,25,19,2,20,11,31,48,30,42,12,8,20,10,9,6
2021-02-27,Michigan,Johns Hopkins,Home,W,7,14,NA,7,4,11,34,13,31,21,7,14,10,24,33,21,28,15,8,14,7,7,6
2021-03-06,Michigan,Rutgers,Away,W,12,22,NA,12,7,19,44,32,30,17,3,22,16,38,43,32,26,11,8,22,10,12,20
2021-03-14,Michigan,Ohio St.,Away,W,10,13,NA,10,3,13,39,19,34,18,6,13,8,21,40,24,29,14,8,13,11,10,9
2021-03-20,Michigan,Penn St.,Home,W,14,12,NA,14,3,17,41,25,31,10,7,12,5,17,41,29,25,10,5,12,17,14,11
2021-03-27,Michigan,Ohio St.,Home,W,6,14,NA,6,4,10,32,13,24,11,8,14,4,18,46,26,26,10,4,14,12,6,7
2021-04-04,Michigan,Johns Hopkins,Away,L,13,10,NA,13,6,19,34,21,27,20,6,10,8,18,38,26,35,16,9,10,16,13,8
2021-04-10,Michigan,Maryland,Home,L,12,18,NA,12,9,21,32,25,26,10,4,18,13,31,41,27,25,8,4,18,9,12,13
2021-04-16,Michigan,Penn St.,Away,W,13,14,1,13,9,22,45,25,29,13,11,14,11,25,35,21,32,18,2,14,7,13,12
2021-04-25,Michigan,Rutgers,Home,L,12,13,NA,12,8,20,49,31,39,10,7,13,10,23,37,23,29,12,7,13,10,12,19
2021-05-01,Michigan,Ohio St.,Away,L,15,11,NA,15,5,20,43,25,32,17,6,11,7,18,44,24,29,13,4,11,13,15,10
2021-05-06,Michigan,"Maryland University Park, Pa.",Away,L,8,16,NA,8,3,11,32,19,25,10,1,16,11,27,46,27,31,9,5,16,11,8,11
2021-03-06,Monmouth,Manhattan,Home,W,8,5,NA,8,6,14,34,23,27,18,10,5,2,7,25,14,24,20,8,5,9,8,15
2021-03-13,Monmouth,Siena,Away,L,7,6,2,7,4,11,51,33,49,18,10,6,4,10,31,18,32,26,6,6,12,7,26
2021-03-20,Monmouth,St. Bonaventure,Home,W,13,12,NA,13,7,20,42,25,44,15,7,12,6,18,26,19,16,15,5,12,7,13,12
2021-03-26,Monmouth,Manhattan,Away,W,8,9,2,8,5,13,37,19,34,23,7,9,6,15,37,19,14,13,9,9,10,8,11
2021-04-03,Monmouth,Quinnipiac,Home,L,10,8,NA,10,4,14,43,27,31,12,8,8,3,11,31,15,29,20,5,8,7,10,17
2021-04-09,Monmouth,Detroit Mercy,Home,W,9,7,NA,9,4,13,26,20,26,19,7,7,4,11,32,21,36,17,11,7,14,9,11
2021-04-23,Monmouth,Canisius,Away,W,7,8,NA,7,1,8,41,20,35,21,7,8,6,14,33,19,23,17,8,8,11,7,13
2021-04-30,Monmouth,Siena,Home,W,12,11,NA,12,5,17,46,34,39,14,10,11,6,17,32,23,22,15,8,11,12,12,22
2021-05-05,Monmouth,St. Bonaventure,Home,L,12,5,NA,12,8,20,39,25,35,16,11,5,4,9,24,14,23,15,10,5,9,12,13
2021-05-08,Monmouth,Manhattan,Away,W,14,9,NA,14,3,17,32,20,33,21,7,9,6,15,28,19,17,12,7,9,10,14,6
2021-05-15,Monmouth,North Carolina,Away,L,4,16,NA,4,1,5,35,24,29,14,6,16,11,27,43,29,36,15,9,16,13,4,20
2021-02-17,Mount St. Mary's,Delaware,Home,L,10,7,NA,10,4,14,39,27,34,12,10,7,3,10,25,17,18,17,5,7,10,10,17
2021-02-20,Mount St. Mary's,Navy,Away,W,5,8,NA,5,4,9,27,17,31,21,7,8,3,11,32,16,27,23,8,8,8,5,12
2021-02-24,Mount St. Mary's,Towson,Home,W,5,11,NA,5,0,5,33,23,33,19,13,11,6,17,23,14,13,26,7,11,3,5,18
2021-02-27,Mount St. Mary's,UMBC,Away,W,7,8,1,7,2,9,27,15,19,22,2,8,4,12,31,18,18,17,7,8,10,7,8
2021-03-02,Mount St. Mary's,Georgetown,Home,W,5,17,NA,5,3,8,19,12,20,27,6,17,14,31,45,23,36,21,16,17,6,5,7
2021-03-06,Mount St. Mary's,Hobart,Away,L,9,13,NA,9,5,14,50,25,23,11,8,13,5,18,53,29,32,15,6,13,16,9,16
2021-03-20,Mount St. Mary's,Hobart,Home,W,9,13,NA,9,4,13,40,22,39,13,7,13,5,18,42,24,33,19,4,13,11,9,13
2021-03-27,Mount St. Mary's,Saint Joseph's,Away,W,13,14,1,13,9,22,35,22,22,15,9,14,8,22,55,31,41,15,6,14,17,13,9
2021-04-07,Mount St. Mary's,VMI,Away,W,16,9,NA,16,9,25,42,25,38,17,7,9,7,16,42,23,24,11,7,9,14,16,9
2021-04-10,Mount St. Mary's,Merrimack,Home,L,11,12,NA,11,7,18,43,23,26,10,12,12,7,19,32,23,30,17,4,12,11,11,12
2021-04-14,Mount St. Mary's,Sacred Heart,Home,W,14,12,NA,14,6,20,40,27,30,16,13,12,7,19,51,33,37,18,5,12,21,14,13
2021-04-17,Mount St. Mary's,LIU,Away,W,15,17,NA,15,10,25,40,31,37,14,11,17,10,27,42,26,36,17,5,17,9,15,16
2021-05-07,Mount St. Mary's,Wagner,Home,L,20,6,NA,20,14,34,53,38,48,12,13,6,3,9,34,19,28,22,3,6,13,20,18
2021-02-20,NJIT,Delaware,Home,W,4,15,NA,4,2,6,45,13,24,11,7,15,8,23,53,35,35,15,9,15,20,4,9
2021-02-27,NJIT,Lehigh,Away,W,10,24,NA,10,5,15,34,20,29,13,5,24,15,39,54,38,44,8,8,24,14,10,10
2021-03-06,NJIT,Binghamton,Home,W,5,11,NA,5,3,8,30,10,30,28,9,11,7,18,32,24,38,22,12,11,13,5,5
2021-03-14,NJIT,Stony Brook,Away,L,4,13,NA,4,3,7,22,11,20,24,5,13,10,23,53,32,38,13,9,13,19,4,7
2021-03-20,NJIT,Vermont,Home,W,2,17,NA,2,1,3,25,15,17,13,7,17,14,31,76,39,34,15,4,17,22,2,13
2021-03-27,NJIT,UMass Lowell,Away,L,14,10,NA,14,7,21,34,22,29,18,5,10,6,16,47,21,33,13,5,10,11,14,8
2021-04-03,NJIT,Binghamton,Away,L,9,11,NA,9,7,16,26,22,26,19,12,11,5,16,37,26,35,19,12,11,15,9,13
2021-04-10,NJIT,Stony Brook,Home,W,8,12,NA,8,5,13,24,15,31,25,4,12,8,20,45,30,28,14,12,12,18,8,7
2021-04-17,NJIT,Hartford,Away,L,9,14,NA,9,3,12,40,20,28,20,4,14,10,24,43,29,30,13,10,14,15,9,11
2021-04-24,NJIT,UAlbany,Away,L,8,18,NA,8,3,11,34,16,36,22,6,18,14,32,47,32,43,16,8,18,14,8,8
2021-05-01,NJIT,UMBC,Home,W,6,14,NA,6,4,10,42,24,26,13,9,14,3,17,44,26,34,12,3,14,12,6,18
2021-02-20,Navy,Mount St. Mary's,Home,W,8,5,NA,8,3,11,32,16,27,23,8,5,4,9,27,17,31,21,7,5,12,8,8
2021-02-28,Navy,Jacksonville,Home,L,13,6,NA,13,5,18,31,21,43,14,9,6,5,11,29,15,28,20,11,6,9,13,8
2021-03-28,Navy,Bucknell,Home,W,13,10,NA,13,11,24,35,23,42,15,11,10,5,15,47,27,38,18,6,10,17,13,10
2021-04-03,Navy,Loyola Maryland,Home,L,10,14,NA,10,7,17,40,22,36,12,8,14,9,23,40,27,40,20,5,14,13,10,12
2021-04-10,Navy,Lehigh,Away,L,7,13,NA,7,4,11,36,21,25,10,2,13,11,24,55,28,42,11,4,13,15,7,14
2021-04-17,Navy,Loyola Maryland,Away,L,14,12,NA,14,10,24,42,27,39,18,9,12,6,18,42,27,45,15,9,12,15,14,13
2021-04-24,Navy,Army West Point,Home,W,9,4,NA,9,5,14,39,19,38,18,8,4,2,6,41,23,27,16,10,4,19,9,10
2021-05-01,Navy,Lafayette,Away,L,14,10,NA,14,6,20,34,22,37,14,4,10,2,12,41,24,24,10,5,10,14,14,8
2021-05-04,Navy,Loyola Maryland,Away,L,9,16,NA,9,6,15,30,18,25,14,3,16,9,25,46,30,40,12,8,16,14,9,9
2021-02-07,North Carolina,Denver,Home,W,24,13,NA,24,15,39,53,34,33,9,11,13,4,17,42,26,30,15,0,13,13,24,10
2021-02-13,North Carolina,Jacksonville,Home,L,18,7,NA,18,7,25,53,30,34,12,7,7,4,11,24,14,23,18,5,7,7,18,12
2021-02-16,North Carolina,High Point,Home,W,17,15,NA,17,12,29,67,35,45,17,6,15,7,22,35,25,34,12,7,15,10,17,18
2021-02-21,North Carolina,Richmond,Away,W,14,9,NA,14,7,21,46,33,30,13,6,9,5,14,33,18,24,17,10,9,9,14,19
2021-02-27,North Carolina,High Point,Home,W,27,12,NA,27,11,38,54,36,44,14,11,12,7,19,34,20,15,17,6,12,8,27,9
2021-03-06,North Carolina,Mercer,Home,L,16,8,NA,16,8,24,45,33,30,15,12,8,3,11,39,19,29,19,6,8,11,16,17
2021-03-11,North Carolina,Virginia,Away,L,16,13,NA,16,12,28,48,31,24,8,4,13,8,21,62,33,37,11,3,13,20,16,15
2021-03-20,North Carolina,Air Force,Home,L,15,5,NA,15,10,25,51,28,35,11,5,5,2,7,34,15,25,15,6,5,10,15,13
2021-04-01,North Carolina,Duke,Away,W,11,12,1,11,6,17,46,28,34,13,9,12,6,18,51,26,38,16,6,12,14,11,17
2021-04-10,North Carolina,Virginia,Home,L,16,18,NA,16,6,22,51,31,37,10,8,18,13,31,44,33,36,15,3,18,15,16,15
2021-04-17,North Carolina,Syracuse,Away,W,21,9,NA,21,13,34,58,37,42,12,7,9,6,15,38,22,33,14,7,9,13,21,16
2021-04-25,North Carolina,Notre Dame,Home,W,12,10,NA,12,5,17,45,25,38,14,4,10,6,16,42,23,33,14,5,10,13,12,13
2021-05-02,North Carolina,Duke,Home,W,15,12,NA,15,5,20,50,27,37,11,6,12,8,20,39,23,22,13,4,12,11,15,12
2021-05-15,North Carolina,Monmouth,Home,L,16,4,NA,16,11,27,43,29,36,15,9,4,1,5,35,24,29,14,6,4,20,16,13
2021-05-22,North Carolina,"Rutgers Hempstead, NY",Away,L,12,11,1,12,6,18,41,28,28,14,13,11,3,14,38,21,27,16,6,11,10,12,16
2021-05-29,North Carolina,"Virginia East Hartford, Conn.",Away,W,11,12,NA,11,4,15,49,26,38,12,15,12,5,17,39,17,43,22,7,12,5,11,15
2021-02-27,Notre Dame,Robert Morris,Home,L,19,7,NA,19,17,36,57,33,43,17,8,7,4,11,31,21,22,17,9,7,14,19,14
2021-03-06,Notre Dame,Bellarmine,Home,L,12,6,NA,12,9,21,41,27,37,17,8,6,3,9,20,14,13,18,7,6,8,12,15
2021-03-17,Notre Dame,Marquette,Home,L,10,3,NA,10,8,18,48,24,34,15,8,3,1,4,38,21,25,14,7,3,18,10,14
2021-03-20,Notre Dame,Cleveland St.,Home,L,19,5,NA,19,11,30,57,32,41,11,8,5,4,9,30,16,24,12,5,5,11,19,13
2021-03-27,Notre Dame,Virginia,Home,L,11,12,NA,11,7,18,42,20,30,10,8,12,9,21,30,19,21,14,2,12,7,11,9
2021-04-03,Notre Dame,Syracuse,Away,L,18,11,NA,18,10,28,47,29,45,16,5,11,3,14,34,21,20,12,8,11,10,18,11
2021-04-10,Notre Dame,Duke,Home,L,13,8,NA,13,6,19,44,24,22,12,9,8,6,14,36,20,25,22,3,8,12,13,11
2021-04-22,Notre Dame,Duke,Away,W,12,13,1,12,6,18,40,22,27,17,5,13,4,17,41,27,29,15,6,13,14,12,10
2021-04-25,Notre Dame,North Carolina,Away,W,10,12,NA,10,6,16,42,23,33,14,5,12,5,17,45,25,38,14,4,12,13,10,13
2021-05-01,Notre Dame,Syracuse,Home,L,22,8,NA,22,13,35,63,31,42,15,10,8,5,13,43,22,30,16,9,8,14,22,9
2021-05-15,Notre Dame,"Drexel Denver, Colo.",Away,W,10,8,NA,10,3,13,47,25,37,16,4,8,2,10,42,25,34,15,9,8,17,10,15
2021-05-22,Notre Dame,Maryland,Home,L,13,14,1,13,7,20,40,23,36,18,5,14,7,21,42,30,30,10,11,14,16,13,10
2021-02-20,Ohio St.,Johns Hopkins,Away,W,14,8,NA,14,3,17,37,27,33,16,5,8,3,11,32,19,26,19,5,8,11,14,13
2021-02-27,Ohio St.,Rutgers,Home,L,12,22,NA,12,8,20,31,23,28,19,6,22,11,33,58,33,38,13,11,22,11,12,11
2021-03-06,Ohio St.,Penn St.,Away,W,13,15,NA,13,8,21,35,16,31,24,8,15,7,22,43,20,36,18,10,15,5,13,3
2021-03-14,Ohio St.,Michigan,Home,W,13,10,NA,13,8,21,40,24,29,14,8,10,3,13,39,19,34,18,6,10,9,13,11
2021-03-20,Ohio St.,Maryland,Home,W,8,16,NA,8,4,12,35,19,31,18,8,16,12,28,41,30,29,12,4,16,14,8,11
2021-03-27,Ohio St.,Michigan,Away,W,14,6,NA,14,4,18,46,26,26,10,4,6,4,10,32,13,24,11,8,6,7,14,12
2021-04-03,Ohio St.,Rutgers,Away,L,9,10,NA,9,3,12,44,24,27,12,5,10,5,15,38,21,20,9,6,10,11,9,15
2021-04-10,Ohio St.,Johns Hopkins,Home,W,14,12,NA,14,9,23,39,22,30,14,6,12,5,17,37,19,31,15,4,12,7,14,8
2021-04-18,Ohio St.,Maryland,Away,L,8,18,NA,8,4,12,36,21,35,15,6,18,12,30,42,25,34,14,11,18,7,8,13
2021-04-24,Ohio St.,Penn St.,Home,W,9,10,NA,9,4,13,35,24,28,14,6,10,4,14,43,22,32,15,6,10,12,9,15
2021-05-01,Ohio St.,Michigan,Home,L,11,15,NA,11,7,18,44,24,29,13,4,15,5,20,43,25,32,17,6,15,10,11,13
2021-02-20,Penn St.,Rutgers,Away,L,9,11,NA,9,5,14,39,24,29,12,2,11,6,17,40,19,31,12,8,11,8,9,15
2021-02-26,Penn St.,Maryland,Home,W,7,13,NA,7,3,10,37,23,40,23,7,13,11,24,33,24,34,15,14,13,11,7,16
2021-03-06,Penn St.,Ohio St.,Home,W,15,13,NA,15,7,22,43,20,36,18,10,13,8,21,35,16,31,24,8,13,3,15,5
2021-03-13,Penn St.,Johns Hopkins,Away,L,6,13,NA,6,2,8,22,12,25,20,5,13,6,19,46,27,28,10,9,13,14,6,6
2021-03-20,Penn St.,Michigan,Away,W,12,14,NA,12,5,17,41,29,25,10,5,14,3,17,41,25,31,10,7,14,11,12,17
2021-03-28,Penn St.,Johns Hopkins,Home,L,11,8,NA,11,8,19,39,20,35,22,7,8,4,12,39,23,39,14,11,8,15,11,9
2021-04-03,Penn St.,Maryland,Away,W,10,17,NA,10,6,16,38,25,26,18,5,17,9,26,42,25,36,13,8,17,8,10,15
2021-04-10,Penn St.,Rutgers,Home,L,10,22,NA,10,6,16,36,23,39,23,7,22,9,31,75,43,48,14,14,22,21,10,13
2021-04-16,Penn St.,Michigan,Home,W,14,13,1,14,11,25,35,21,32,18,2,13,9,22,45,25,29,13,11,13,12,14,7
2021-04-24,Penn St.,Ohio St.,Away,W,10,9,NA,10,4,14,43,22,32,15,6,9,4,13,35,24,28,14,6,9,15,10,12
2021-05-01,Penn St.,Johns Hopkins,Home,W,7,15,NA,7,5,12,36,19,28,17,5,15,9,24,31,21,28,13,10,15,6,7,12
2021-02-13,Providence,Bryant,Away,W,8,9,NA,8,5,13,43,24,32,16,7,9,8,17,37,21,34,20,8,9,12,8,16
2021-02-21,Providence,St. John's (NY),Away,W,16,8,NA,16,8,24,59,33,44,19,4,8,1,9,26,15,21,19,10,8,7,16,17
2021-02-27,Providence,Denver,Away,W,10,23,NA,10,3,13,42,21,25,16,5,23,18,41,48,31,34,11,9,23,8,10,11
2021-03-03,Providence,Fairfield,Home,W,18,17,NA,18,8,26,63,34,27,11,6,17,11,28,53,31,34,16,5,17,14,18,16
2021-03-07,Providence,Villanova,Home,W,8,11,NA,8,5,13,43,24,23,19,14,11,7,18,37,19,17,21,10,11,8,8,16
2021-03-13,Providence,Marquette,Away,W,12,8,NA,12,8,20,47,28,29,16,2,8,5,13,44,22,25,11,10,8,14,12,16
2021-03-20,Providence,Georgetown,Home,W,9,14,NA,9,2,11,41,14,23,17,5,14,7,21,47,34,33,11,8,14,20,9,5
2021-03-27,Providence,Denver,Home,L,11,19,NA,11,5,16,32,22,20,11,3,19,14,33,63,35,46,18,3,19,16,11,11
2021-04-03,Providence,Villanova,Away,L,6,13,NA,6,2,8,33,17,28,21,4,13,4,17,45,24,24,9,7,13,11,6,11
2021-04-10,Providence,St. John's (NY),Home,L,19,9,NA,19,14,33,64,38,37,9,2,9,6,15,36,24,17,9,1,9,15,19,19
2021-04-17,Providence,Marquette,Home,L,6,7,4,6,3,9,47,24,31,20,12,7,4,11,45,22,24,22,5,7,15,6,18
2021-04-24,Providence,Georgetown,Away,L,5,14,NA,5,4,9,51,30,33,14,9,14,10,24,45,29,32,15,11,14,15,5,25
2021-05-06,Providence,Denver,Home,W,5,14,NA,5,2,7,38,19,30,14,5,14,10,24,51,28,29,10,4,14,14,5,14
2021-03-06,Quinnipiac,St. Bonaventure,Home,W,6,13,NA,6,6,12,38,20,26,13,5,13,11,24,31,24,22,13,5,13,11,6,14
2021-03-27,Quinnipiac,St. Bonaventure,Away,L,5,4,NA,5,3,8,29,16,23,21,8,4,2,6,36,18,21,15,10,4,14,5,11
2021-04-03,Quinnipiac,Monmouth,Away,L,8,10,NA,8,3,11,31,15,29,20,5,10,4,14,43,27,31,12,8,10,17,8,7
2021-04-07,Quinnipiac,Siena,Home,W,7,5,NA,7,3,10,48,18,35,22,9,5,3,8,44,21,15,13,11,5,16,7,11
2021-04-10,Quinnipiac,Manhattan,Home,W,13,12,2,13,6,19,48,24,37,24,9,12,7,19,42,21,16,17,9,12,9,13,11
2021-04-17,Quinnipiac,Canisius,Home,W,16,12,NA,16,11,27,47,27,29,19,9,12,4,16,52,27,19,13,9,12,15,16,11
2021-04-20,Quinnipiac,Marist,Away,L,9,14,NA,9,3,12,50,23,39,22,9,14,6,20,46,28,22,15,10,14,14,9,14
2021-02-14,Richmond,Loyola Maryland,Home,L,7,8,1,7,3,10,32,17,26,18,12,8,5,13,36,20,28,19,11,8,12,7,10
2021-02-21,Richmond,North Carolina,Home,W,9,14,NA,9,5,14,33,18,24,17,10,14,7,21,46,33,30,13,6,14,19,9,9
2021-02-27,Richmond,Towson,Home,W,11,10,NA,11,5,16,35,16,29,20,5,10,8,18,35,23,25,14,8,10,13,11,5
2021-03-07,Richmond,Duke,Home,W,6,13,NA,6,4,10,39,21,23,11,6,13,6,19,34,21,24,15,2,13,8,6,15
2021-03-13,Richmond,VMI,Away,W,23,6,NA,23,16,39,57,42,46,17,9,6,3,9,19,13,18,22,12,6,7,23,19
2021-03-20,Richmond,Bellarmine,Away,W,17,5,NA,17,15,32,39,29,23,15,9,5,2,7,36,17,17,17,9,5,12,17,12
2021-03-26,Richmond,High Point,Home,W,17,10,NA,17,13,30,50,34,31,14,14,10,2,12,34,23,23,17,7,10,13,17,17
2021-04-03,Richmond,Virginia,Away,W,10,18,NA,10,8,18,30,20,36,22,13,18,12,30,47,28,54,21,16,18,10,10,10
2021-04-17,Richmond,Jacksonville,Home,L,14,7,NA,14,9,23,39,21,30,20,8,7,5,12,30,19,22,17,4,7,12,14,7
2021-04-25,Richmond,Mercer,Away,W,21,8,NA,21,14,35,55,36,36,17,9,8,6,14,26,16,23,16,12,8,8,21,15
2021-05-01,Richmond,Air Force,Home,L,8,9,NA,8,6,14,43,24,30,19,14,9,6,15,31,20,25,24,14,9,11,8,16
2021-05-05,Richmond,Air Force,Home,L,11,6,NA,11,6,17,38,24,31,13,13,6,4,10,40,18,26,18,6,6,12,11,13
2021-05-07,Richmond,High Point,Home,W,8,11,NA,8,4,12,30,20,23,13,16,11,4,15,28,22,26,21,3,11,11,8,12
2021-02-07,Robert Morris,Duke,Away,W,12,16,NA,12,7,19,40,26,26,18,8,16,11,27,50,31,43,14,11,16,15,12,14
2021-02-13,Robert Morris,High Point,Away,W,15,21,NA,15,9,24,41,25,25,20,13,21,10,31,48,34,35,19,17,21,13,15,10
2021-02-21,Robert Morris,Colgate,Away,L,17,14,NA,17,10,27,48,34,42,12,7,14,13,27,42,28,29,19,4,14,14,17,17
2021-02-27,Robert Morris,Notre Dame,Away,L,7,19,NA,7,4,11,31,21,22,17,9,19,17,36,57,33,43,17,8,19,14,7,14
2021-03-02,Robert Morris,Bellarmine,Home,L,17,8,NA,17,14,31,39,29,41,14,6,8,6,14,43,22,29,15,5,8,14,17,12
2021-03-13,Robert Morris,Air Force,Away,L,14,13,NA,14,11,25,35,23,41,25,12,13,9,22,50,30,49,24,10,13,17,14,9
2021-03-20,Robert Morris,Virginia,Away,W,12,14,NA,12,9,21,52,27,31,18,8,14,11,25,35,23,43,26,5,14,9,12,15
2021-03-27,Robert Morris,Drexel,Away,W,13,19,NA,13,5,18,45,27,34,18,9,19,10,29,51,33,41,20,7,19,14,13,14
2021-04-03,Robert Morris,"Jacksonville Fort Mill, S.C.",Away,L,16,15,NA,16,8,24,44,34,35,17,10,15,8,23,28,19,26,14,1,15,7,16,17
2021-04-10,Robert Morris,Cleveland St.,Home,L,15,7,NA,15,7,22,53,32,38,16,14,7,2,9,31,17,25,30,6,7,10,15,17
2021-04-16,Robert Morris,Bucknell,Away,L,8,7,NA,8,6,14,34,17,40,23,12,7,3,10,31,20,29,18,13,7,13,8,9
2021-05-01,Robert Morris,Utah,Away,L,16,12,NA,16,8,24,42,29,32,12,5,12,7,19,42,24,24,8,6,12,12,16,13
2021-05-07,Robert Morris,Syracuse,Away,W,14,21,NA,14,7,21,39,24,30,13,14,21,12,33,58,41,45,16,6,21,20,14,10
2021-02-20,Rutgers,Penn St.,Home,L,11,9,NA,11,6,17,40,19,31,12,8,9,5,14,39,24,29,12,2,9,15,11,8
2021-02-27,Rutgers,Ohio St.,Away,L,22,12,NA,22,11,33,58,33,38,13,11,12,8,20,31,23,28,19,6,12,11,22,11
2021-03-06,Rutgers,Michigan,Home,W,22,12,NA,22,16,38,43,32,26,11,8,12,7,19,44,32,30,17,3,12,20,22,10
2021-03-13,Rutgers,Maryland,Away,W,12,19,NA,12,8,20,39,21,28,11,3,19,10,29,45,26,30,9,8,19,7,12,9
2021-03-20,Rutgers,Johns Hopkins,Away,W,15,9,NA,15,12,27,46,21,26,13,7,9,5,14,31,21,27,18,6,9,12,15,6
2021-03-28,Rutgers,Maryland,Home,W,9,13,NA,9,1,10,34,16,24,18,10,13,7,20,40,23,31,19,7,13,10,9,7
2021-04-03,Rutgers,Ohio St.,Home,L,10,9,NA,10,5,15,38,21,20,9,6,9,3,12,44,24,27,12,5,9,15,10,11
2021-04-10,Rutgers,Penn St.,Away,L,22,10,NA,22,9,31,75,43,48,14,14,10,6,16,36,23,39,23,7,10,13,22,21
2021-04-17,Rutgers,Johns Hopkins,Home,W,17,11,NA,17,11,28,44,28,30,9,7,11,7,18,33,26,22,17,4,11,15,17,11
2021-04-25,Rutgers,Michigan,Away,L,13,12,NA,13,10,23,37,23,29,12,7,12,8,20,49,31,39,10,7,12,19,13,10
2021-05-06,Rutgers,"Johns Hopkins University Park, Pa.",Away,W,10,12,NA,10,4,14,42,22,26,13,5,12,4,16,36,24,34,16,5,12,12,10,12
2021-05-15,Rutgers,"Lehigh Charlottesville, Va.",Away,W,12,5,NA,12,7,19,42,29,30,12,10,5,4,9,35,22,31,14,6,5,17,12,17
2021-05-22,Rutgers,"North Carolina Hempstead, NY",Away,W,11,12,1,11,3,14,38,21,27,16,6,12,6,18,41,28,28,14,13,12,16,11,10
2021-02-13,Sacred Heart,Stony Brook,Away,L,8,20,NA,8,5,13,33,19,23,17,6,20,14,34,55,40,41,13,4,20,20,8,11
2021-02-20,Sacred Heart,Hofstra,Home,W,6,13,NA,6,3,9,32,17,19,11,5,13,7,20,44,25,30,11,7,13,12,6,11
2021-02-24,Sacred Heart,LIU,Home,W,12,10,NA,12,4,16,62,33,42,9,13,10,6,16,38,25,26,24,1,10,15,12,21
2021-02-27,Sacred Heart,Holy Cross,Away,W,10,11,NA,10,7,17,43,28,30,16,1,11,6,17,40,25,29,13,10,11,14,10,18
2021-03-06,Sacred Heart,LIU,Home,L,10,13,NA,10,5,15,44,28,23,11,4,13,9,22,39,31,35,12,3,13,18,10,18
2021-03-13,Sacred Heart,Saint Joseph's,Home,W,9,13,NA,9,5,14,42,23,15,14,5,13,5,18,42,30,31,9,5,13,17,9,14
2021-03-17,Sacred Heart,Fairfield,Away,L,8,14,NA,8,4,12,39,18,23,19,5,14,11,25,54,27,33,20,8,14,13,8,10
2021-03-20,Sacred Heart,LIU,Away,L,8,13,NA,8,6,14,43,27,28,14,4,13,7,20,51,33,40,20,4,13,20,8,19
2021-04-14,Sacred Heart,Mount St. Mary's,Away,W,12,14,NA,12,7,19,51,33,37,18,5,14,6,20,40,27,30,16,13,14,13,12,21
2021-04-17,Sacred Heart,Merrimack,Away,W,10,14,NA,10,2,12,30,19,23,15,6,14,8,22,43,24,31,15,7,14,10,10,9
2021-04-21,Sacred Heart,Wagner,Home,W,9,11,NA,9,4,13,52,29,31,14,11,11,4,15,30,18,21,23,5,11,7,9,20
2021-04-24,Sacred Heart,Bryant,Home,L,12,20,NA,12,9,21,42,24,35,16,5,20,8,28,51,30,34,13,8,20,10,12,12
2021-05-01,Sacred Heart,Hobart,Away,W,12,14,NA,12,5,17,38,20,20,14,6,14,10,24,49,28,46,19,10,14,14,12,8
2021-02-13,Saint Joseph's,Towson,Away,W,7,8,1,7,2,9,34,18,33,28,5,8,4,12,42,20,40,21,17,8,12,7,11
2021-02-23,Saint Joseph's,Delaware,Away,W,13,16,NA,13,6,19,54,29,35,17,8,16,9,25,39,22,35,13,9,16,6,13,16
2021-02-27,Saint Joseph's,Army West Point,Away,L,5,13,NA,5,2,7,37,17,27,18,9,13,5,18,42,22,29,16,8,13,9,5,12
2021-03-08,Saint Joseph's,Wagner,Away,W,17,5,NA,17,14,31,52,38,50,14,7,5,3,8,27,13,28,18,2,5,8,17,21
2021-03-13,Saint Joseph's,Sacred Heart,Away,W,13,9,NA,13,5,18,42,30,31,9,5,9,5,14,42,23,15,14,5,9,14,13,17
2021-03-20,Saint Joseph's,Merrimack,Home,W,9,7,NA,9,6,15,42,22,35,19,13,7,3,10,28,15,28,19,8,7,8,9,13
2021-03-27,Saint Joseph's,Mount St. Mary's,Home,W,14,13,1,14,8,22,55,31,41,15,6,13,9,22,35,22,22,15,9,13,9,14,17
2021-04-10,Saint Joseph's,Hobart,Away,L,13,12,1,13,9,22,50,28,27,17,7,12,4,16,44,22,32,19,9,12,10,13,15
2021-04-17,Saint Joseph's,Bryant,Away,W,13,5,NA,13,7,20,45,30,52,25,7,5,2,7,43,20,26,18,12,5,15,13,17
2021-04-24,Saint Joseph's,LIU,Home,W,14,13,NA,14,11,25,48,33,30,17,12,13,10,23,30,19,27,18,5,13,6,14,19
2021-04-30,Saint Joseph's,Wagner,Home,L,14,7,NA,14,14,28,48,31,37,13,17,7,5,12,38,20,32,22,5,7,13,14,17
2021-05-05,Saint Joseph's,LIU,Home,W,19,11,NA,19,15,34,45,32,45,13,16,11,4,15,28,16,24,21,11,11,5,19,13
2021-05-08,Saint Joseph's,Bryant,Home,L,10,16,NA,10,4,14,49,28,31,15,7,16,7,23,47,27,45,13,6,16,11,10,18
2021-03-06,Siena,Canisius,Home,L,7,8,NA,7,6,13,31,19,33,23,6,8,3,11,30,15,31,27,5,8,7,7,12
2021-03-13,Siena,Monmouth,Home,L,6,7,2,6,4,10,31,18,32,26,6,7,4,11,51,33,49,18,10,7,26,6,12
2021-03-20,Siena,Canisius,Home,L,10,12,NA,10,6,16,50,22,36,13,18,12,9,21,30,25,34,26,5,12,13,10,12
2021-03-27,Siena,Detroit Mercy,Away,L,9,11,NA,9,6,15,31,22,21,19,8,11,5,16,49,23,43,21,11,11,12,9,13
2021-04-07,Siena,Quinnipiac,Away,W,5,7,NA,5,3,8,44,21,15,13,11,7,3,10,48,18,35,22,9,7,11,5,16
2021-04-17,Siena,Manhattan,Away,W,12,13,2,12,5,17,55,27,44,19,10,13,6,19,50,30,34,17,11,13,17,12,15
2021-04-24,Siena,St. Bonaventure,Away,L,6,11,NA,6,3,9,36,21,23,17,5,11,3,14,33,22,27,17,11,11,11,6,15
2021-04-30,Siena,Monmouth,Away,W,11,12,NA,11,6,17,32,23,22,15,8,12,5,17,46,34,39,14,10,12,22,11,12
2021-03-06,St. Bonaventure,Quinnipiac,Away,W,13,6,NA,13,11,24,31,24,22,13,5,6,6,12,38,20,26,13,5,6,14,13,11
2021-03-13,St. Bonaventure,Detroit Mercy,Away,L,7,11,NA,7,5,12,38,21,18,18,7,11,6,17,48,25,38,17,12,11,14,7,14
2021-03-20,St. Bonaventure,Monmouth,Away,W,12,13,NA,12,6,18,26,19,16,15,5,13,7,20,42,25,44,15,7,13,12,12,7
2021-03-27,St. Bonaventure,Quinnipiac,Home,L,4,5,NA,4,2,6,36,18,21,15,10,5,3,8,29,16,23,21,8,5,11,4,14
2021-04-02,St. Bonaventure,Manhattan,Home,W,9,8,NA,9,8,17,29,19,32,19,6,8,4,12,36,22,24,10,7,8,15,9,10
2021-04-06,St. Bonaventure,Canisius,Away,L,9,11,NA,9,4,13,32,18,26,20,8,11,8,19,43,26,37,19,7,11,15,9,9
2021-04-11,St. Bonaventure,Canisius,Home,W,12,11,NA,12,8,20,39,23,30,15,7,11,3,14,45,26,25,11,9,11,15,12,11
2021-04-24,St. Bonaventure,Siena,Home,L,11,6,NA,11,3,14,33,22,27,17,11,6,3,9,36,21,23,17,5,6,15,11,11
2021-04-30,St. Bonaventure,Detroit Mercy,Home,L,11,8,NA,11,6,17,30,21,29,20,7,8,4,12,40,20,27,18,7,8,12,11,10
2021-05-05,St. Bonaventure,Monmouth,Away,L,5,12,NA,5,4,9,24,14,23,15,10,12,8,20,39,25,35,16,11,12,13,5,9
2021-02-13,St. John's (NY),Hofstra,Away,L,19,18,1,19,10,29,53,31,38,12,12,18,10,28,35,24,43,29,6,18,6,19,12
2021-02-21,St. John's (NY),Providence,Home,W,8,16,NA,8,1,9,26,15,21,19,10,16,8,24,59,33,44,19,4,16,17,8,7
2021-02-27,St. John's (NY),Georgetown,Away,W,1,19,NA,1,0,1,25,15,29,23,10,19,16,35,47,33,40,26,13,19,14,1,14
2021-03-06,St. John's (NY),Denver,Home,W,6,20,NA,6,3,9,27,21,26,17,7,20,13,33,64,39,42,18,10,20,19,6,15
2021-03-14,St. John's (NY),Villanova,Away,L,8,20,NA,8,5,13,37,21,26,16,8,20,13,33,53,28,33,14,4,20,8,8,13
2021-04-03,St. John's (NY),Georgetown,Home,W,7,20,NA,7,6,13,26,14,21,22,4,20,20,40,63,38,50,12,8,20,18,7,7
2021-04-10,St. John's (NY),Providence,Away,L,9,19,NA,9,6,15,36,24,17,9,1,19,14,33,64,38,37,9,2,19,19,9,15
2021-04-14,St. John's (NY),Marquette,Away,W,8,9,1,8,6,14,34,20,24,20,5,9,6,15,54,28,36,17,9,9,19,8,12
2021-04-17,St. John's (NY),Villanova,Home,W,8,23,NA,8,5,13,28,15,34,19,10,23,15,38,59,40,38,14,15,23,17,8,7
2021-04-24,St. John's (NY),Denver,Away,W,11,19,NA,11,9,20,33,15,13,13,4,19,11,30,57,35,44,14,7,19,16,11,4
2021-04-30,St. John's (NY),Marquette,Home,L,14,15,NA,14,9,23,49,31,32,18,6,15,6,21,42,28,32,12,8,15,13,14,17
2021-02-13,Stony Brook,Sacred Heart,Home,L,20,8,NA,20,14,34,55,40,41,13,4,8,5,13,33,19,23,17,6,8,11,20,20
2021-02-20,Stony Brook,Bryant,Home,L,14,8,NA,14,9,23,40,24,34,13,7,8,4,12,41,24,32,17,6,8,16,14,10
2021-02-27,Stony Brook,Hofstra,Away,W,17,20,NA,17,9,26,52,33,32,11,6,20,9,29,41,28,33,17,4,20,8,17,16
2021-03-06,Stony Brook,UMBC,Away,W,12,13,4,12,7,19,45,28,33,17,5,13,6,19,47,28,33,25,7,13,15,12,16
2021-03-12,Stony Brook,Syracuse,Away,L,9,17,NA,9,4,13,46,23,33,10,7,17,10,27,45,31,42,15,7,17,14,9,14
2021-03-14,Stony Brook,NJIT,Home,L,13,4,NA,13,10,23,53,32,38,13,9,4,3,7,22,11,20,24,5,4,7,13,19
2021-03-20,Stony Brook,UMass Lowell,Away,W,16,9,NA,16,12,28,58,35,29,13,8,9,7,16,24,18,29,18,9,9,9,16,19
2021-03-27,Stony Brook,UAlbany,Home,W,16,10,NA,16,13,29,49,23,38,17,7,10,10,20,33,22,27,14,7,10,12,16,7
2021-04-03,Stony Brook,Hartford,Away,W,17,6,NA,17,9,26,56,27,44,16,3,6,3,9,30,20,21,15,8,6,14,17,10
2021-04-10,Stony Brook,NJIT,Away,W,12,8,NA,12,8,20,45,30,28,14,12,8,5,13,24,15,31,25,4,8,7,12,18
2021-04-16,Stony Brook,Binghamton,Home,L,22,8,NA,22,15,37,46,33,46,15,6,8,4,12,27,19,34,19,6,8,11,22,11
2021-04-24,Stony Brook,UMBC,Home,L,13,14,1,13,5,18,49,29,38,8,4,14,11,25,40,25,25,8,7,14,11,13,16
2021-05-01,Stony Brook,Vermont,Away,W,13,14,NA,13,9,22,35,20,25,10,12,14,10,24,42,29,36,15,7,14,15,13,7
2021-05-06,Stony Brook,"Vermont Baltimore, Md.",Away,L,7,10,NA,7,5,12,36,22,22,10,8,10,5,15,38,26,28,21,7,10,16,7,15
2021-02-21,Syracuse,Army West Point,Home,L,11,18,NA,11,5,16,36,24,33,12,5,18,11,29,44,31,26,10,6,18,13,11,13
2021-02-27,Syracuse,Virginia,Home,W,20,10,NA,20,11,31,55,39,35,12,10,10,5,15,40,25,36,12,8,10,15,20,19
2021-03-06,Syracuse,Vermont,Home,W,17,13,NA,17,10,27,32,29,29,10,9,13,5,18,52,34,45,15,4,13,21,17,12
2021-03-12,Syracuse,Stony Brook,Home,L,17,9,NA,17,10,27,45,31,42,15,7,9,4,13,46,23,33,10,7,9,14,17,14
2021-03-20,Syracuse,Holy Cross,Home,L,15,6,NA,15,9,24,65,34,38,11,14,6,2,8,20,11,28,24,8,6,5,15,19
2021-03-25,Syracuse,Duke,Away,W,14,15,NA,14,9,23,36,24,15,16,5,15,8,23,41,28,31,16,6,15,13,14,10
2021-04-03,Syracuse,Notre Dame,Home,L,11,18,NA,11,3,14,34,21,20,12,8,18,10,28,47,29,45,16,5,18,11,11,10
2021-04-08,Syracuse,UAlbany,Home,L,13,8,NA,13,6,19,50,27,42,14,11,8,7,15,30,20,25,15,4,8,12,13,14
2021-04-17,Syracuse,North Carolina,Home,W,9,21,NA,9,6,15,38,22,33,14,7,21,13,34,58,37,42,12,7,21,16,9,13
2021-04-24,Syracuse,Virginia,Away,L,13,11,NA,13,9,22,54,29,38,18,5,11,8,19,30,20,28,10,9,11,9,13,16
2021-05-01,Syracuse,Notre Dame,Away,L,8,22,NA,8,5,13,43,22,30,16,9,22,13,35,63,31,42,15,10,22,9,8,14
2021-05-07,Syracuse,Robert Morris,Home,W,21,14,NA,21,12,33,58,41,45,16,6,14,7,21,39,24,30,13,14,14,10,21,20
2021-05-15,Syracuse,"Georgetown College Park, Md.",Away,L,8,18,NA,8,4,12,33,18,23,13,3,18,7,25,43,33,33,8,9,18,15,8,10
2021-02-06,Towson,Virginia,Away,W,11,20,NA,11,5,16,31,21,35,21,5,20,11,31,50,32,56,20,14,20,12,11,10
2021-02-13,Towson,Saint Joseph's,Home,W,8,7,1,8,4,12,42,20,40,21,17,7,2,9,34,18,33,28,5,7,11,8,12
2021-02-20,Towson,Duke,Home,W,7,19,NA,7,5,12,28,16,26,16,6,19,9,28,50,32,41,16,4,19,13,7,9
2021-02-24,Towson,Mount St. Mary's,Away,W,11,5,NA,11,6,17,23,14,13,26,7,5,0,5,33,23,33,19,13,5,18,11,3
2021-02-27,Towson,Richmond,Away,W,10,11,NA,10,8,18,35,23,25,14,8,11,5,16,35,16,29,20,5,11,5,10,13
2021-03-06,Towson,Drexel,Away,W,10,12,NA,10,4,14,36,22,27,19,7,12,8,20,43,24,21,16,11,12,12,10,12
2021-03-20,Towson,Delaware,Away,W,12,13,1,12,8,20,37,23,37,14,15,13,5,18,41,25,28,19,8,13,12,12,11
2021-03-27,Towson,Loyola Maryland,Home,W,7,6,1,7,1,8,38,15,28,13,2,6,2,8,34,14,27,16,6,6,8,7,8
2021-04-03,Towson,Hofstra,Away,W,7,8,NA,7,6,13,31,19,19,17,5,8,5,13,31,18,26,22,3,8,10,7,12
2021-04-10,Towson,Fairfield,Home,W,12,11,NA,12,8,20,49,22,30,15,10,11,6,17,41,21,37,15,7,11,10,12,10
2021-04-13,Towson,Hofstra,Home,L,10,8,NA,10,5,15,36,17,21,13,9,8,3,11,36,22,35,12,9,8,14,10,7
2021-04-17,Towson,Massachusetts,Away,L,9,6,NA,9,5,14,34,19,25,20,6,6,3,9,31,19,35,21,12,6,13,9,10
2021-04-24,Towson,Delaware,Home,W,8,16,NA,8,3,11,35,21,24,14,7,16,10,26,32,23,38,10,7,16,7,8,13
2021-05-01,Towson,Drexel,Home,L,11,12,NA,11,8,19,42,22,29,14,4,12,4,16,51,26,31,11,4,12,14,11,11
2021-02-27,UAlbany,Colgate,Home,L,15,9,NA,15,12,27,32,22,37,18,8,9,5,14,27,19,23,20,5,9,10,15,7
2021-03-06,UAlbany,Hartford,Away,W,16,6,NA,16,11,27,43,29,32,17,7,6,2,8,34,16,33,21,9,6,10,16,13
2021-03-13,UAlbany,Vermont,Home,L,12,14,NA,12,4,16,38,26,37,15,8,14,9,23,45,28,41,18,9,14,14,12,14
2021-03-20,UAlbany,Binghamton,Away,W,19,7,NA,19,13,32,46,38,43,18,9,7,3,10,31,23,29,20,11,7,16,19,19
2021-03-23,UAlbany,Massachusetts,Home,W,13,12,NA,13,10,23,41,23,42,18,4,12,8,20,45,28,37,11,5,12,16,13,10
2021-03-27,UAlbany,Stony Brook,Away,W,10,16,NA,10,10,20,33,22,27,14,7,16,13,29,49,23,38,17,7,16,7,10,12
2021-04-03,UAlbany,UMass Lowell,Home,L,17,6,NA,17,13,30,43,31,55,20,11,6,3,9,36,15,50,24,8,6,9,17,14
2021-04-08,UAlbany,Syracuse,Away,L,8,13,NA,8,7,15,30,20,25,15,4,13,6,19,50,27,42,14,11,13,14,8,12
2021-04-11,UAlbany,UMBC,Home,L,14,9,NA,14,13,27,42,20,37,24,9,9,1,10,32,17,33,22,9,9,8,14,6
2021-04-24,UAlbany,NJIT,Home,L,18,8,NA,18,14,32,47,32,43,16,8,8,3,11,34,16,36,22,6,8,8,18,14
2021-04-28,UAlbany,Vermont,Away,W,14,16,NA,14,9,23,37,29,37,15,18,16,7,23,42,26,41,25,8,16,10,14,15
2021-05-06,UAlbany,"UMBC Baltimore, Md.",Away,L,14,12,NA,14,7,21,37,22,29,17,2,12,8,20,37,19,32,18,5,12,7,14,8
2021-05-08,UAlbany,"Vermont Baltimore, Md.",Away,W,10,15,NA,10,10,20,31,18,20,11,0,15,11,26,50,31,37,11,6,15,16,10,8
2021-02-27,UMBC,Mount St. Mary's,Home,W,8,7,1,8,4,12,31,18,18,17,7,7,2,9,27,15,19,22,2,7,8,8,10
2021-03-06,UMBC,Stony Brook,Home,W,13,12,4,13,6,19,47,28,33,25,7,12,7,19,45,28,33,17,5,12,16,13,15
2021-03-20,UMBC,Hartford,Away,L,13,10,NA,13,6,19,30,22,25,14,8,10,4,14,37,20,27,14,6,10,10,13,9
2021-03-24,UMBC,Binghamton,Away,W,7,8,1,7,5,12,48,25,31,18,8,8,5,13,25,13,25,20,9,8,5,7,18
2021-03-27,UMBC,Binghamton,Home,W,7,6,NA,7,5,12,45,24,28,14,4,6,2,8,21,14,26,19,5,6,8,7,17
2021-04-03,UMBC,Vermont,Home,L,10,8,NA,10,7,17,40,21,22,19,7,8,6,14,32,19,27,20,1,8,11,10,11
2021-04-11,UMBC,UAlbany,Away,L,9,14,NA,9,1,10,32,17,33,22,9,14,13,27,42,20,37,24,9,14,6,9,8
2021-04-17,UMBC,UMass Lowell,Home,L,12,7,NA,12,11,23,40,25,27,17,8,7,3,10,28,19,22,17,7,7,12,12,13
2021-04-24,UMBC,Stony Brook,Away,L,14,13,1,14,11,25,40,25,25,8,7,13,5,18,49,29,38,8,4,13,16,14,11
2021-05-01,UMBC,NJIT,Away,W,14,6,NA,14,3,17,44,26,34,12,3,6,4,10,42,24,26,13,9,6,18,14,12
2021-05-06,UMBC,"UAlbany Baltimore, Md.",Away,W,12,14,NA,12,8,20,37,19,32,18,5,14,7,21,37,22,29,17,2,14,8,12,7
2021-02-27,UMass Lowell,Merrimack,Home,W,8,16,NA,8,3,11,37,19,33,26,11,16,10,26,45,30,40,22,12,16,14,8,11
2021-03-03,UMass Lowell,Vermont,Away,L,7,21,NA,7,4,11,34,20,33,12,9,21,13,34,56,37,39,14,9,21,16,7,13
2021-03-13,UMass Lowell,Hartford,Home,W,12,10,NA,12,4,16,40,19,31,17,8,10,2,12,33,23,35,16,11,10,13,12,7
2021-03-20,UMass Lowell,Stony Brook,Home,W,9,16,NA,9,7,16,24,18,29,18,9,16,12,28,58,35,29,13,8,16,19,9,9
2021-03-27,UMass Lowell,NJIT,Home,L,10,14,NA,10,6,16,47,21,33,13,5,14,7,21,34,22,29,18,5,14,8,10,11
2021-04-03,UMass Lowell,UAlbany,Away,L,6,17,NA,6,3,9,36,15,50,24,8,17,13,30,43,31,55,20,11,17,14,6,9
2021-04-10,UMass Lowell,Vermont,Home,W,5,16,NA,5,5,10,26,14,16,15,3,16,8,24,55,29,30,10,7,16,13,5,9
2021-04-17,UMass Lowell,UMBC,Away,L,7,12,NA,7,3,10,28,19,22,17,7,12,11,23,40,25,27,17,8,12,13,7,12
2021-05-02,UMass Lowell,Binghamton,Home,W,9,11,NA,9,7,16,33,18,27,20,4,11,7,18,36,25,37,24,13,11,14,9,9
2021-01-30,Utah,Denver,Away,W,8,9,NA,8,4,12,36,19,22,16,5,9,6,15,49,25,27,13,8,9,16,8,11
2021-02-06,Utah,Bellarmine,Away,W,12,7,NA,12,7,19,31,22,27,16,6,7,6,13,31,16,21,12,10,7,9,12,10
2021-02-20,Utah,Air Force,Away,L,9,10,1,9,7,16,37,20,28,15,5,10,7,17,43,24,28,14,8,10,14,9,11
2021-02-27,Utah,Loyola Maryland,Away,L,8,20,NA,8,4,12,30,15,23,15,3,20,11,31,49,27,31,13,10,20,7,8,7
2021-03-06,Utah,Jacksonville,Home,L,3,8,NA,3,2,5,16,6,18,21,5,8,2,10,40,20,33,11,7,8,12,3,3
2021-03-13,Utah,Westminster (UT),Home,L,18,5,NA,18,11,29,55,31,55,23,5,5,2,7,20,11,25,24,7,5,6,18,13
2021-03-27,Utah,Mercer,Away,W,10,15,NA,10,6,16,47,27,24,12,4,15,10,25,47,25,45,16,8,15,10,10,17
2021-04-03,Utah,Boston U.,Away,L,11,10,2,11,5,16,39,20,32,21,10,10,5,15,53,23,38,21,9,10,13,11,9
2021-04-17,Utah,Virginia,Away,W,11,18,NA,11,2,13,35,24,32,20,7,18,8,26,48,31,59,21,10,18,13,11,13
2021-04-24,Utah,Cleveland St.,Away,W,11,9,NA,11,5,16,32,18,25,24,5,9,6,15,42,24,37,15,15,9,15,11,7
2021-05-01,Utah,Robert Morris,Home,L,12,16,NA,12,7,19,42,24,24,8,6,16,8,24,42,29,32,12,5,16,13,12,12
2021-03-06,VMI,Lafayette,Away,L,13,12,NA,13,9,22,44,27,43,15,14,12,9,21,30,18,37,19,8,12,6,13,14
2021-03-09,VMI,Bellarmine,Away,L,8,12,NA,8,4,12,31,21,27,22,11,12,6,18,36,27,37,21,11,12,15,8,13
2021-03-13,VMI,Richmond,Home,W,6,23,NA,6,3,9,19,13,18,22,12,23,16,39,57,42,46,17,9,23,19,6,7
2021-03-19,VMI,High Point,Home,L,12,20,NA,12,4,16,31,20,28,20,11,20,13,33,38,29,36,19,6,20,9,12,8
2021-03-27,VMI,Jacksonville,Away,W,12,18,NA,12,7,19,42,24,33,18,13,18,11,29,44,32,50,24,11,18,14,12,12
2021-04-03,VMI,Cleveland St.,Away,L,4,16,NA,4,0,4,33,15,15,17,8,16,13,29,52,26,39,17,6,16,10,4,11
2021-04-07,VMI,Mount St. Mary's,Home,W,9,16,NA,9,7,16,42,23,24,11,7,16,9,25,42,25,38,17,7,16,9,9,14
2021-04-10,VMI,Bellarmine,Home,W,9,11,NA,9,6,15,32,23,26,16,11,11,7,18,36,20,27,18,11,11,9,9,14
2021-04-17,VMI,Air Force,Away,L,4,18,NA,4,3,7,22,11,19,24,5,18,10,28,52,31,39,13,13,18,13,4,7
2021-04-24,VMI,Mercer,Away,L,9,17,NA,9,6,15,40,20,27,12,5,17,9,26,43,28,42,21,5,17,11,9,11
2021-05-01,VMI,Cleveland St.,Home,L,11,14,NA,11,7,18,41,18,29,16,17,14,3,17,31,21,35,27,7,14,7,11,7
2021-02-27,Vermont,Bryant,Away,W,12,15,NA,12,6,18,36,21,39,20,8,15,8,23,42,28,46,19,11,15,13,12,9
2021-03-03,Vermont,UMass Lowell,Home,L,21,7,NA,21,13,34,56,37,39,14,9,7,4,11,34,20,33,12,9,7,13,21,16
2021-03-06,Vermont,Syracuse,Away,W,13,17,NA,13,5,18,52,34,45,15,4,17,10,27,32,29,29,10,9,17,12,13,21
2021-03-13,Vermont,UAlbany,Away,L,14,12,NA,14,9,23,45,28,41,18,9,12,4,16,38,26,37,15,8,12,14,14,14
2021-03-20,Vermont,NJIT,Away,W,17,2,NA,17,14,31,76,39,34,15,4,2,1,3,25,15,17,13,7,2,13,17,22
2021-03-27,Vermont,Hartford,Home,L,14,9,NA,14,5,19,50,32,37,17,10,9,6,15,35,18,28,15,11,9,9,14,18
2021-04-03,Vermont,UMBC,Away,L,8,10,NA,8,6,14,32,19,27,20,1,10,7,17,40,21,22,19,7,10,11,8,11
2021-04-10,Vermont,UMass Lowell,Away,W,16,5,NA,16,8,24,55,29,30,10,7,5,5,10,26,14,16,15,3,5,9,16,13
2021-04-24,Vermont,Binghamton,Away,L,7,10,NA,7,2,9,41,22,30,16,5,10,4,14,38,21,28,15,12,10,11,7,15
2021-04-28,Vermont,UAlbany,Home,W,16,14,NA,16,7,23,42,26,41,25,8,14,9,23,37,29,37,15,18,14,15,16,10
2021-05-01,Vermont,Stony Brook,Home,W,14,13,NA,14,10,24,42,29,36,15,7,13,9,22,35,20,25,10,12,13,7,14,15
2021-05-06,Vermont,"Stony Brook Baltimore, Md.",Away,W,10,7,NA,10,5,15,38,26,28,21,7,7,5,12,36,22,22,10,8,7,15,10,16
2021-05-08,Vermont,"UAlbany Baltimore, Md.",Away,L,15,10,NA,15,11,26,50,31,37,11,6,10,10,20,31,18,20,11,0,10,8,15,16
2021-05-16,Vermont,Maryland,Away,W,11,17,NA,11,7,18,30,18,31,22,6,17,6,23,40,29,44,13,12,17,12,11,7
2021-02-21,Villanova,Georgetown,Home,L,1,16,NA,1,0,1,27,7,12,19,4,16,12,28,43,26,27,14,11,16,10,1,6
2021-02-27,Villanova,Marquette,Away,L,16,14,NA,16,7,23,51,31,22,10,3,14,9,23,39,21,28,11,5,14,7,16,15
2021-03-07,Villanova,Providence,Away,W,11,8,NA,11,7,18,37,19,17,21,10,8,5,13,43,24,23,19,14,8,16,11,8
2021-03-14,Villanova,St. John's (NY),Home,L,20,8,NA,20,13,33,53,28,33,14,4,8,5,13,37,21,26,16,8,8,13,20,8
2021-03-27,Villanova,Georgetown,Away,W,7,8,NA,7,4,11,35,18,28,16,4,8,4,12,51,23,30,9,10,8,15,7,11
2021-04-03,Villanova,Providence,Home,L,13,6,NA,13,4,17,45,24,24,9,7,6,2,8,33,17,28,21,4,6,11,13,11
2021-04-10,Villanova,Denver,Away,W,10,17,NA,10,5,15,38,22,27,16,9,17,9,26,36,25,36,16,11,17,8,10,12
2021-04-17,Villanova,St. John's (NY),Away,W,23,8,NA,23,15,38,59,40,38,14,15,8,5,13,28,15,34,19,10,8,7,23,17
2021-04-24,Villanova,Marquette,Home,L,19,8,NA,19,13,32,41,27,27,12,11,8,4,12,37,18,27,17,4,8,10,19,8
2021-04-28,Villanova,Denver,Home,L,10,11,1,10,4,14,50,30,21,8,11,11,6,17,36,21,29,17,5,11,10,10,20
2021-05-01,Villanova,Lehigh,Home,L,16,8,NA,16,10,26,43,30,24,14,15,8,2,10,41,18,30,24,5,8,10,16,14
2021-05-06,Villanova,"Georgetown Providence, R.I.",Away,W,12,14,NA,12,4,16,44,29,25,10,9,14,11,25,39,21,32,20,6,14,7,12,17
2021-02-06,Virginia,Towson,Home,W,20,11,NA,20,11,31,50,32,56,20,14,11,5,16,31,21,35,21,5,11,10,20,12
2021-02-14,Virginia,Army West Point,Home,L,14,9,NA,14,7,21,46,25,47,14,13,9,3,12,38,22,27,16,6,9,13,14,11
2021-02-20,Virginia,Loyola Maryland,Away,L,15,12,NA,15,3,18,50,25,26,11,4,12,5,17,46,21,36,14,7,12,9,15,10
2021-02-27,Virginia,Syracuse,Away,W,10,20,NA,10,5,15,40,25,36,12,8,20,11,31,55,39,35,12,10,20,19,10,15
2021-03-03,Virginia,High Point,Home,W,12,11,NA,12,8,20,43,27,59,26,10,11,4,15,38,28,39,25,12,11,17,12,15
2021-03-06,Virginia,Air Force,Home,L,20,4,NA,20,17,37,43,27,56,29,17,4,3,7,28,15,31,26,7,4,11,20,7
2021-03-11,Virginia,North Carolina,Home,L,13,16,NA,13,8,21,62,33,37,11,3,16,12,28,48,31,24,8,4,16,15,13,20
2021-03-20,Virginia,Robert Morris,Home,W,14,12,NA,14,11,25,35,23,43,26,5,12,9,21,52,27,31,18,8,12,15,14,9
2021-03-27,Virginia,Notre Dame,Away,L,12,11,NA,12,9,21,30,19,21,14,2,11,7,18,42,20,30,10,8,11,9,12,7
2021-04-03,Virginia,Richmond,Home,W,18,10,NA,18,12,30,47,28,54,21,16,10,8,18,30,20,36,22,13,10,10,18,10
2021-04-10,Virginia,North Carolina,Away,L,18,16,NA,18,13,31,44,33,36,15,3,16,6,22,51,31,37,10,8,16,15,18,15
2021-04-15,Virginia,Duke,Home,L,12,13,1,12,5,17,49,28,42,10,10,13,6,19,50,29,25,14,4,13,16,12,16
2021-04-17,Virginia,Utah,Home,W,18,11,NA,18,8,26,48,31,59,21,10,11,2,13,35,24,32,20,7,11,13,18,13
2021-04-24,Virginia,Syracuse,Home,L,11,13,NA,11,8,19,30,20,28,10,9,13,9,22,54,29,38,18,5,13,16,11,9
2021-05-16,Virginia,Bryant,Home,W,13,11,NA,13,9,22,38,21,44,11,8,11,6,17,47,29,31,12,5,11,18,13,8
2021-05-22,Virginia,"Georgetown Hempstead, N.Y.",Away,W,14,3,NA,14,4,18,45,22,31,15,12,3,2,5,27,13,16,18,3,3,10,14,8
2021-05-29,Virginia,"North Carolina East Hartford, Conn.",Away,L,12,11,NA,12,5,17,39,17,43,22,7,11,4,15,49,26,38,12,15,11,15,12,5
2021-05-31,Virginia,"Maryland East Hartford, Conn.",Away,L,17,16,NA,17,8,25,39,28,37,14,6,16,12,28,49,28,41,10,10,16,12,17,11
2021-02-27,Wagner,LIU,Away,L,8,19,NA,8,6,14,22,16,24,21,5,19,13,32,42,34,35,18,8,19,15,8,8
2021-03-02,Wagner,Hofstra,Away,L,6,18,NA,6,3,9,22,11,20,28,2,18,10,28,45,31,33,13,11,18,13,6,5
2021-03-08,Wagner,Saint Joseph's,Home,W,5,17,NA,5,3,8,27,13,28,18,2,17,14,31,52,38,50,14,7,17,21,5,8
2021-03-13,Wagner,Merrimack,Away,L,5,11,NA,5,4,9,20,8,23,29,5,11,6,17,51,32,43,13,17,11,21,5,3
2021-03-21,Wagner,Bryant,Home,W,5,18,NA,5,4,9,30,18,30,18,9,18,8,26,49,32,42,15,9,18,14,5,13
2021-03-27,Wagner,LIU,Home,L,13,18,NA,13,11,24,53,26,34,14,6,18,12,30,42,33,38,12,7,18,15,13,13
2021-04-21,Wagner,Sacred Heart,Away,W,11,9,NA,11,4,15,30,18,21,23,5,9,4,13,52,29,31,14,11,9,20,11,7
2021-04-27,Wagner,Hobart,Home,L,8,9,1,8,1,9,28,14,23,19,4,9,6,15,49,21,29,12,5,9,12,8,6
2021-04-30,Wagner,Saint Joseph's,Away,L,7,14,NA,7,5,12,38,20,32,22,5,14,14,28,48,31,37,13,17,14,17,7,13
2021-05-07,Wagner,Mount St. Mary's,Away,L,6,20,NA,6,3,9,34,19,28,22,3,20,14,34,53,38,48,12,13,20,18,6,13
2020-02-01,Air Force Falcons,Duke,Away,L,14,13,NA,14,8,22,26,22,17,17,4,13,8,21,47,30,36,17,6,13,17,14,8
2020-02-08,Air Force Falcons,Denver,Home,L,7,13,NA,7,5,12,31,16,21,14,8,13,7,20,46,33,35,13,9,13,20,7,9
2020-02-15,Air Force Falcons,Utah,Away,L,9,8,NA,9,6,15,40,21,22,11,3,8,3,11,38,23,29,17,3,8,15,9,12
2020-02-22,Air Force Falcons,"Cleveland St. Denver, Colo.",Away,W,11,12,1,11,8,19,33,19,27,17,5,12,8,20,37,21,33,20,8,12,9,11,8
2020-02-23,Air Force Falcons,"St. Bonaventure Denver, Colo.",Away,L,11,5,NA,11,7,18,35,20,41,18,4,5,3,8,25,13,20,15,7,5,8,11,9
2020-03-01,Air Force Falcons,Virginia,Away,W,5,15,NA,5,3,8,28,13,27,19,7,15,10,25,40,27,37,16,14,15,12,5,8
2020-03-08,Air Force Falcons,Canisius,Home,W,15,11,NA,15,10,25,38,26,39,17,11,11,6,17,27,16,27,16,7,11,5,15,11
2020-02-08,Army West Point Black Knights,Massachusetts,Home,W,17,4,NA,17,9,26,45,28,33,14,15,4,2,6,26,17,30,23,4,4,13,17,11
2020-02-10,Army West Point Black Knights,NJIT,Home,W,19,1,NA,19,14,33,42,29,40,16,9,1,0,1,18,10,37,27,7,1,9,19,10
2020-02-15,Army West Point Black Knights,Rutgers,Home,W,15,4,NA,15,12,27,39,21,37,22,8,4,3,7,36,22,20,15,5,4,18,15,6
2020-02-18,Army West Point Black Knights,Marist,Away,W,9,17,NA,9,7,16,45,25,38,16,9,17,12,29,38,27,36,19,7,17,10,9,16
2020-02-23,Army West Point Black Knights,Syracuse,Away,W,7,9,NA,7,5,12,32,25,30,14,7,9,2,11,47,25,38,15,5,9,16,7,18
2020-02-29,Army West Point Black Knights,Holy Cross,Home,W,12,5,NA,12,8,20,39,25,40,23,12,5,3,8,28,14,30,29,14,5,9,12,13
2020-03-03,Army West Point Black Knights,Binghamton,Home,W,15,10,NA,15,9,24,35,27,36,16,13,10,10,20,37,20,32,22,5,10,10,15,12
2020-03-07,Army West Point Black Knights,Lafayette,Away,L,16,8,NA,16,11,27,50,27,33,14,12,8,3,11,37,16,32,22,7,8,8,16,11
2020-02-01,Bellarmine Knights,Utah,Away,W,10,16,NA,10,4,14,35,20,21,17,3,16,13,29,48,36,35,11,9,16,20,10,10
2020-02-08,Bellarmine Knights,Marquette,Away,W,10,11,NA,10,6,16,32,15,28,21,7,11,7,18,33,20,40,20,11,11,9,10,5
2020-02-11,Bellarmine Knights,Hampton,Home,W,21,5,NA,21,11,32,58,42,36,21,13,5,4,9,16,13,30,30,6,5,8,21,21
2020-02-15,Bellarmine Knights,St. Bonaventure,Home,W,13,5,NA,13,9,22,49,29,38,19,10,5,4,9,27,16,14,20,6,5,11,13,16
2020-02-18,Bellarmine Knights,Detroit Mercy,Away,W,13,20,NA,13,4,17,40,25,28,7,9,20,13,33,43,28,46,15,3,20,8,13,12
2020-02-22,Bellarmine Knights,Boston U.,Home,L,11,17,NA,11,6,17,38,22,25,20,14,17,11,28,35,25,35,26,12,17,8,11,11
2020-02-29,Bellarmine Knights,Georgetown,Away,W,4,13,NA,4,4,8,31,19,25,22,6,13,8,21,43,27,43,15,11,13,14,4,15
2020-03-06,Bellarmine Knights,Cleveland St.,Away,W,8,9,NA,8,5,13,33,17,28,17,9,9,5,14,48,25,38,20,4,9,16,8,9
2020-02-08,Binghamton Bearcats,Marist,Away,W,4,12,NA,4,1,5,28,12,20,22,6,12,7,19,42,29,24,14,13,12,17,4,8
2020-02-15,Binghamton Bearcats,Syracuse,Away,W,4,17,NA,4,2,6,21,15,31,21,6,17,10,27,55,35,50,13,12,17,18,4,11
2020-02-22,Binghamton Bearcats,Lafayette,Home,W,11,10,3,11,8,19,42,23,30,17,13,10,5,15,29,19,39,23,8,10,9,11,12
2020-02-25,Binghamton Bearcats,Bucknell,Home,L,4,16,NA,4,1,5,17,8,30,27,13,16,12,28,53,36,44,19,13,16,20,4,4
2020-03-03,Binghamton Bearcats,Army West Point,Away,W,10,15,NA,10,10,20,37,20,32,22,5,15,9,24,35,27,36,16,13,15,12,10,10
2020-03-07,Binghamton Bearcats,Hobart,Away,W,9,16,NA,9,3,12,34,24,31,18,2,16,11,27,45,29,34,18,6,16,13,9,15
2020-02-01,Boston U. Terriers,Providence,Home,L,5,12,NA,5,3,8,28,15,32,28,14,12,8,20,42,24,32,22,10,12,12,5,10
2020-02-08,Boston U. Terriers,Ohio St.,Home,L,4,11,NA,4,3,7,43,22,38,20,16,11,7,18,32,19,26,21,11,11,8,4,18
2020-02-15,Boston U. Terriers,UMass Lowell,Away,L,13,5,NA,13,6,19,47,29,29,12,7,5,4,9,38,22,38,14,6,5,17,13,16
2020-02-18,Boston U. Terriers,Bryant,Away,W,10,15,NA,10,8,18,26,17,40,23,17,15,6,21,50,31,38,22,14,15,16,10,7
2020-02-22,Boston U. Terriers,Bellarmine,Away,L,17,11,NA,17,11,28,35,25,35,26,12,11,6,17,38,22,25,20,14,11,11,17,8
2020-02-29,Boston U. Terriers,Colgate,Away,L,13,12,NA,13,7,20,45,24,37,20,9,12,7,19,31,22,32,22,4,12,10,13,11
2020-02-15,Brown Bears,Quinnipiac,Home,W,11,7,NA,11,5,16,60,32,34,12,7,7,2,9,33,18,20,18,1,7,11,11,21
2020-02-18,Brown Bears,Sacred Heart,Home,W,20,7,NA,20,15,35,54,30,38,16,15,7,3,10,34,21,26,20,4,7,14,20,10
2020-02-22,Brown Bears,Stony Brook,Away,W,10,11,1,10,5,15,61,32,33,14,5,11,5,16,41,23,32,17,6,11,12,10,22
2020-02-29,Brown Bears,Providence,Home,L,12,13,1,12,7,19,43,28,46,16,9,13,7,20,41,25,34,16,6,13,12,12,16
2020-03-08,Brown Bears,Virginia,Home,W,14,13,NA,14,5,19,46,31,35,14,9,13,9,22,54,29,39,20,8,13,16,14,17
2020-02-09,Bryant Bulldogs,Bucknell,Home,L,9,11,NA,9,6,15,41,26,26,11,3,11,5,16,43,26,34,10,5,11,15,9,17
2020-02-15,Bryant Bulldogs,Providence,Away,W,9,16,NA,9,5,14,37,24,23,18,6,16,8,24,47,26,44,16,9,16,10,9,15
2020-02-18,Bryant Bulldogs,Boston U.,Home,W,15,10,NA,15,6,21,50,31,38,22,14,10,8,18,26,17,40,23,17,10,7,15,16
2020-02-22,Bryant Bulldogs,Dartmouth,Away,W,8,11,NA,8,5,13,35,18,24,14,7,11,7,18,30,17,36,15,12,11,6,8,14
2020-02-29,Bryant Bulldogs,Manhattan,Away,L,16,5,NA,16,10,26,55,33,33,13,5,5,3,8,20,12,20,16,3,5,7,16,17
2020-03-07,Bryant Bulldogs,Stony Brook,Home,W,15,11,NA,15,7,22,42,29,29,11,7,11,6,17,51,29,42,13,7,11,18,15,14
2020-03-10,Bryant Bulldogs,North Carolina,Away,W,16,18,NA,16,5,21,41,25,23,15,7,18,12,30,44,33,44,12,6,18,15,16,9
2020-02-01,Bucknell Bison,"Furman Durham, N.C.",Away,L,16,9,NA,16,5,21,55,34,42,14,9,9,7,16,28,16,24,21,4,9,7,16,18
2020-02-09,Bucknell Bison,Bryant,Away,L,11,9,NA,11,5,16,43,26,34,10,5,9,6,15,41,26,26,11,3,9,17,11,15
2020-02-15,Bucknell Bison,Sacred Heart,Home,W,14,11,NA,14,11,25,56,33,44,18,17,11,7,18,43,28,35,25,11,11,17,14,19
2020-02-22,Bucknell Bison,Ohio St.,Home,L,11,15,NA,11,6,17,37,24,34,16,11,15,8,23,33,26,32,18,5,15,11,11,13
2020-02-25,Bucknell Bison,Binghamton,Away,L,16,4,NA,16,12,28,53,36,44,19,13,4,1,5,17,8,30,27,13,4,4,16,20
2020-02-29,Bucknell Bison,Marist,Home,W,20,11,NA,20,13,33,56,33,41,16,18,11,9,20,35,20,33,24,11,11,9,20,13
2020-02-08,Canisius Golden Griffins,Hobart,Away,W,8,22,NA,8,5,13,38,24,30,15,5,22,6,28,53,38,31,14,7,22,16,8,16
2020-02-15,Canisius Golden Griffins,Robert Morris,Home,L,10,22,NA,10,4,14,27,18,42,22,6,22,9,31,60,41,45,14,4,22,19,10,8
2020-02-18,Canisius Golden Griffins,Michigan,Away,W,8,16,NA,8,3,11,29,18,27,16,2,16,7,23,52,32,50,11,7,16,16,8,10
2020-02-22,Canisius Golden Griffins,Hartford,Away,W,4,10,NA,4,3,7,25,16,16,15,1,10,6,16,49,34,37,13,9,10,24,4,12
2020-03-08,Canisius Golden Griffins,Air Force,Away,W,11,15,NA,11,6,17,27,16,27,16,7,15,10,25,38,26,39,17,11,15,11,11,5
2020-02-01,Cleveland St. Vikings,Marquette,Home,L,10,11,1,10,6,16,38,20,29,21,6,11,4,15,37,18,32,17,12,11,7,10,10
2020-02-08,Cleveland St. Vikings,Michigan,Away,W,9,16,NA,9,6,15,39,21,30,17,5,16,11,27,48,26,43,17,10,16,10,9,12
2020-02-15,Cleveland St. Vikings,Notre Dame,Away,W,7,17,NA,7,3,10,36,21,31,18,6,17,10,27,47,30,32,14,7,17,13,7,14
2020-02-22,Cleveland St. Vikings,"Air Force Denver, Colo.",Away,L,12,11,1,12,8,20,37,21,33,20,8,11,8,19,33,19,27,17,5,11,8,12,9
2020-02-23,Cleveland St. Vikings,Denver,Away,W,6,10,NA,6,3,9,29,10,28,24,6,10,3,13,41,22,27,10,15,10,12,6,4
2020-03-06,Cleveland St. Vikings,Bellarmine,Home,W,9,8,NA,9,5,14,48,25,38,20,4,8,5,13,33,17,28,17,9,8,9,9,16
2020-03-09,Cleveland St. Vikings,"Mercer Towson, Md.",Away,W,13,16,NA,13,8,21,42,21,25,15,6,16,9,25,36,21,22,19,5,16,5,13,8
2020-02-01,Colgate Raiders,North Carolina,Away,W,6,19,NA,6,3,9,33,20,39,27,10,19,11,30,42,31,39,19,11,19,12,6,14
2020-02-07,Colgate Raiders,Syracuse,Away,W,14,21,NA,14,6,20,45,26,30,21,7,21,11,32,65,36,45,10,13,21,15,14,12
2020-02-18,Colgate Raiders,Princeton,Away,W,11,20,NA,11,8,19,47,21,40,20,8,20,14,34,54,38,40,13,12,20,18,11,10
2020-02-22,Colgate Raiders,Hobart,Away,W,13,21,NA,13,9,22,45,31,31,17,5,21,9,30,61,37,36,15,8,21,16,13,18
2020-02-29,Colgate Raiders,Boston U.,Home,L,12,13,NA,12,7,19,31,22,32,22,4,13,7,20,45,24,37,20,9,13,11,12,10
2020-03-07,Colgate Raiders,Navy,Away,W,14,16,NA,14,11,25,57,29,37,11,5,16,12,28,43,26,41,10,7,16,10,14,15
2020-02-15,Cornell Big Red,UAlbany,Away,L,19,10,NA,19,7,26,50,32,49,17,7,10,8,18,37,20,32,16,8,10,10,19,13
2020-02-21,Cornell Big Red,Towson,Away,L,17,10,NA,17,8,25,48,30,40,14,9,10,6,16,34,18,28,14,7,10,8,17,13
2020-02-23,Cornell Big Red,High Point Calvert Hall,Away,L,21,11,NA,21,15,36,43,33,46,19,9,11,7,18,40,21,21,19,8,11,10,21,12
2020-03-01,Cornell Big Red,Ohio St.,Away,L,17,16,NA,17,11,28,47,32,25,9,6,16,7,23,42,25,33,25,4,16,9,17,15
2020-03-08,Cornell Big Red,"Penn St. Cornelius, N.C.",Away,L,18,17,NA,18,11,29,40,27,41,11,9,17,9,26,33,23,45,17,3,17,6,18,9
2020-02-15,Dartmouth Big Green,Merrimack,Away,L,13,11,NA,13,7,20,36,22,35,17,9,11,7,18,40,25,29,14,10,11,14,13,9
2020-02-22,Dartmouth Big Green,Bryant,Home,W,11,8,NA,11,7,18,30,17,36,15,12,8,5,13,35,18,24,14,7,8,14,11,6
2020-02-29,Dartmouth Big Green,UMass Lowell,Away,L,14,5,NA,14,7,21,35,19,31,15,6,5,4,9,33,15,23,16,2,5,10,14,5
2020-03-07,Dartmouth Big Green,Vermont,Away,W,8,9,NA,8,5,13,31,20,19,14,7,9,5,14,30,23,23,15,7,9,16,8,12
2020-02-08,Delaware Blue Hens,Mount St. Mary's,Home,W,14,8,NA,14,9,23,40,26,34,16,10,8,4,12,48,27,38,14,9,8,19,14,12
2020-02-15,Delaware Blue Hens,NJIT,Home,W,13,1,NA,13,7,20,55,32,34,14,18,1,1,2,22,15,26,23,10,1,14,13,19
2020-02-18,Delaware Blue Hens,Saint Joseph's,Away,W,8,11,NA,8,5,13,42,26,21,11,3,11,6,17,32,20,27,18,7,11,9,8,18
2020-02-22,Delaware Blue Hens,Monmouth,Away,L,11,2,NA,11,8,19,42,26,33,16,10,2,1,3,23,14,26,20,5,2,12,11,15
2020-02-29,Delaware Blue Hens,Villanova,Home,L,10,19,NA,10,5,15,46,25,25,12,13,19,11,30,40,22,40,24,6,19,3,10,15
2020-03-07,Delaware Blue Hens,Marist,Away,L,15,14,NA,15,9,24,43,25,30,13,4,14,10,24,41,28,43,12,6,14,14,15,10
2020-02-08,Denver Pioneers,Air Force,Away,L,13,7,NA,13,7,20,46,33,35,13,9,7,5,12,31,16,21,14,8,7,9,13,20
2020-02-15,Denver Pioneers,Duke,Home,L,13,15,NA,13,6,19,33,24,27,13,6,15,7,22,43,21,28,15,7,15,6,13,11
2020-02-22,Denver Pioneers,St. Bonaventure,Home,W,16,3,NA,16,9,25,47,34,39,13,8,3,3,6,22,8,19,17,3,3,5,16,18
2020-02-23,Denver Pioneers,Cleveland St.,Home,W,10,6,NA,10,3,13,41,22,27,10,15,6,3,9,29,10,28,24,6,6,4,10,12
2020-03-01,Denver Pioneers,North Carolina,Home,L,13,15,NA,13,7,20,41,22,26,17,3,15,9,24,43,25,33,14,4,15,10,13,9
2020-03-07,Denver Pioneers,Notre Dame,Away,L,14,11,NA,14,7,21,43,22,34,19,6,11,6,17,36,23,21,12,10,11,12,14,8
2020-02-01,Detroit Mercy Titans,Jacksonville,Away,L,15,14,NA,15,4,19,40,28,29,14,4,14,10,24,34,21,34,16,11,14,7,15,13
2020-02-04,Detroit Mercy Titans,Ohio St.,Away,W,9,23,NA,9,5,14,32,19,31,16,9,23,21,44,50,30,41,17,9,23,7,9,10
2020-02-18,Detroit Mercy Titans,Bellarmine,Home,W,20,13,NA,20,13,33,43,28,46,15,3,13,4,17,40,25,28,7,9,13,12,20,8
2020-02-22,Detroit Mercy Titans,Marquette,Home,L,6,18,NA,6,2,8,30,12,28,23,4,18,5,23,47,27,29,14,12,18,9,6,6
2020-03-04,Detroit Mercy Titans,Robert Morris,Home,L,13,16,NA,13,6,19,39,22,40,23,4,16,10,26,42,32,35,18,13,16,16,13,9
2020-02-15,Drexel Dragons,High Point,Away,W,15,16,NA,15,9,24,47,30,30,17,5,16,7,23,42,32,34,16,9,16,16,15,15
2020-02-22,Drexel Dragons,UAlbany,Away,W,13,14,NA,13,6,19,46,23,50,19,8,14,10,24,38,25,38,21,7,14,11,13,10
2020-02-25,Drexel Dragons,Robert Morris,Home,W,24,12,NA,24,14,38,57,36,49,25,10,12,5,17,46,29,35,20,7,12,17,24,12
2020-02-29,Drexel Dragons,Marquette,Home,W,13,11,NA,13,6,19,36,23,24,18,4,11,6,17,40,17,38,20,6,11,6,13,10
2020-03-06,Drexel Dragons,Saint Joseph's Philadelphia,Away,W,9,10,NA,9,6,15,51,29,38,15,13,10,5,15,35,16,32,24,5,10,6,9,20
2020-03-08,Drexel Dragons,Villanova,Away,L,15,12,NA,15,10,25,42,26,32,11,6,12,8,20,46,26,40,10,5,12,14,15,11
2020-02-01,Duke Blue Devils,Air Force,Home,L,13,14,NA,13,8,21,47,30,36,17,6,14,8,22,26,22,17,17,4,14,8,13,17
2020-02-08,Duke Blue Devils,High Point,Away,L,17,8,NA,17,11,28,42,30,39,17,11,8,6,14,32,16,35,23,7,8,8,17,13
2020-02-15,Duke Blue Devils,Denver,Away,L,15,13,NA,15,7,22,43,21,28,15,7,13,6,19,33,24,27,13,6,13,11,15,6
2020-02-22,Duke Blue Devils,"Penn Charlotte, N.C.",Away,W,11,14,NA,11,7,18,28,18,33,25,12,14,6,20,52,27,34,22,11,14,13,11,7
2020-02-28,Duke Blue Devils,Richmond,Home,W,16,15,1,16,9,25,39,27,42,15,8,15,7,22,32,19,25,15,4,15,4,16,11
2020-03-01,Duke Blue Devils,Furman,Home,W,19,6,NA,19,12,31,50,34,35,14,4,6,4,10,26,12,22,18,3,6,6,19,15
2020-03-07,Duke Blue Devils,Loyola Maryland,Away,L,13,10,NA,13,8,21,35,22,27,12,8,10,6,16,45,25,33,13,7,10,15,13,9
2020-03-10,Duke Blue Devils,Jacksonville,Home,W,18,8,NA,18,9,27,41,23,39,20,6,8,6,14,29,21,16,14,0,8,13,18,5
2020-02-15,Fairfield Stags,Stony Brook,Home,W,18,16,NA,18,12,30,45,30,39,11,9,16,4,20,48,27,39,16,5,16,11,18,12
2020-02-18,Fairfield Stags,Merrimack,Home,W,14,11,NA,14,11,25,41,22,35,21,7,11,6,17,38,19,28,21,8,11,8,14,8
2020-02-22,Fairfield Stags,Georgetown,Away,W,12,25,NA,12,5,17,37,29,28,19,4,25,18,43,66,43,53,23,8,25,18,12,17
2020-02-29,Fairfield Stags,Quinnipiac,Home,W,19,15,NA,19,13,32,46,31,29,10,10,15,7,22,53,29,37,16,6,15,14,19,12
2020-03-03,Fairfield Stags,LIU,Home,W,19,15,NA,19,11,30,57,38,51,12,12,15,11,26,37,28,30,19,2,15,13,19,19
2020-03-07,Fairfield Stags,Harvard,Away,W,12,15,NA,12,6,18,39,26,22,19,3,15,5,20,43,31,24,17,4,15,16,12,14
2020-03-10,Fairfield Stags,Siena,Away,L,21,12,NA,21,14,35,60,42,47,23,6,12,8,20,47,29,45,20,12,12,17,21,21
2020-02-01,Furman Paladins,"Bucknell Durham, N.C.",Away,W,9,16,NA,9,7,16,28,16,24,21,4,16,5,21,55,34,42,14,9,16,18,9,7
2020-02-08,Furman Paladins,Hampton,Home,W,19,4,NA,19,10,29,67,30,44,32,15,4,2,6,19,12,30,36,9,4,8,19,11
2020-02-15,Furman Paladins,Navy,Away,W,3,19,NA,3,1,4,16,7,12,19,6,19,12,31,49,30,49,19,6,19,11,3,4
2020-02-22,Furman Paladins,Utah,Away,W,9,17,NA,9,6,15,34,19,28,19,6,17,10,27,61,39,33,13,5,17,22,9,10
2020-03-01,Furman Paladins,Duke,Away,W,6,19,NA,6,4,10,26,12,22,18,3,19,12,31,50,34,35,14,4,19,15,6,6
2020-03-06,Furman Paladins,North Carolina,Home,L,11,18,NA,11,7,18,22,17,20,21,8,18,13,31,44,32,45,18,10,18,14,11,6
2020-03-10,Furman Paladins,Penn St.,Home,L,7,22,NA,7,5,12,36,20,33,18,13,22,13,35,56,36,51,20,10,22,14,7,13
2020-02-08,Georgetown Hoyas,Lafayette,Away,L,17,3,NA,17,11,28,52,30,42,12,13,3,0,3,22,9,20,24,7,3,6,17,13
2020-02-15,Georgetown Hoyas,UMBC,Away,L,14,8,NA,14,7,21,47,27,33,15,5,8,4,12,34,17,23,13,9,8,9,14,13
2020-02-22,Georgetown Hoyas,Fairfield,Home,W,25,12,NA,25,18,43,66,43,53,23,8,12,5,17,37,29,28,19,4,12,17,25,18
2020-02-25,Georgetown Hoyas,Mount St. Mary's,Home,W,14,7,NA,14,8,22,49,27,40,18,8,7,3,10,35,16,24,17,9,7,9,14,13
2020-02-29,Georgetown Hoyas,Bellarmine,Home,W,13,4,NA,13,8,21,43,27,43,15,11,4,4,8,31,19,25,22,6,4,15,13,14
2020-03-07,Georgetown Hoyas,Towson,Away,L,16,4,NA,16,7,23,44,25,36,16,5,4,1,5,28,13,25,20,7,4,9,16,9
2020-02-01,Hampton Pirates,NJIT,Away,W,7,24,NA,7,3,10,21,15,23,25,9,24,15,39,47,36,33,18,10,24,12,7,8
2020-02-08,Hampton Pirates,Furman,Away,W,4,19,NA,4,2,6,19,12,30,36,9,19,10,29,67,30,44,32,15,19,11,4,8
2020-02-11,Hampton Pirates,Bellarmine,Away,W,5,21,NA,5,4,9,16,13,30,30,6,21,11,32,58,42,36,21,13,21,21,5,8
2020-02-22,Hampton Pirates,Mercer,Away,W,6,28,NA,6,3,9,28,15,18,16,2,28,15,43,58,41,40,6,5,28,13,6,9
2020-03-06,Hampton Pirates,Jacksonville,Away,W,1,18,NA,1,1,2,21,9,23,28,7,18,12,30,58,29,38,23,17,18,11,1,8
2020-03-11,Hampton Pirates,Greensboro,Away,W,11,15,NA,11,8,19,45,19,42,25,9,15,9,24,37,25,24,13,14,15,10,11,8
2020-02-09,Hartford Hawks,Sacred Heart,Away,W,11,14,NA,11,7,18,44,25,28,15,13,14,12,26,41,23,27,21,10,14,9,11,14
2020-02-15,Hartford Hawks,St. John's (NY),Away,W,11,13,NA,11,5,16,46,19,31,20,14,13,6,19,39,21,40,24,14,13,8,11,8
2020-02-22,Hartford Hawks,Canisius,Home,W,10,4,NA,10,6,16,49,34,37,13,9,4,3,7,25,16,16,15,1,4,12,10,24
2020-02-25,Hartford Hawks,Marist,Away,W,6,14,NA,6,2,8,33,18,25,19,6,14,6,20,52,30,30,11,10,14,16,6,12
2020-03-03,Hartford Hawks,Manhattan,Home,W,11,8,NA,11,8,19,48,26,27,16,7,8,5,13,33,22,23,17,4,8,14,11,15
2020-03-07,Hartford Hawks,Wagner,Away,L,18,9,NA,18,12,30,42,30,30,11,7,9,5,14,34,21,17,13,8,9,12,18,12
2020-02-22,Harvard Crimson,Massachusetts,Away,L,10,9,NA,10,7,17,29,16,19,18,7,9,7,16,42,26,26,15,11,9,17,10,6
2020-02-25,Harvard Crimson,Holy Cross,Away,W,8,9,NA,8,5,13,28,15,16,14,9,9,4,13,48,28,27,13,8,9,19,8,7
2020-02-29,Harvard Crimson,UAlbany,Away,W,14,15,NA,14,7,21,32,24,47,17,9,15,11,26,42,24,36,14,7,15,9,14,10
2020-03-07,Harvard Crimson,Fairfield,Home,W,15,12,NA,15,5,20,43,31,24,17,4,12,6,18,39,26,22,19,3,12,14,15,16
2020-02-01,High Point Panthers,Maryland,Away,W,12,23,NA,12,8,20,45,27,26,15,2,23,15,38,70,44,36,11,7,23,21,12,15
2020-02-08,High Point Panthers,Duke,Home,L,8,17,NA,8,6,14,32,16,35,23,7,17,11,28,42,30,39,17,11,17,13,8,8
2020-02-15,High Point Panthers,Drexel,Home,W,16,15,NA,16,7,23,42,32,34,16,9,15,9,24,47,30,30,17,5,15,15,16,16
2020-02-23,High Point Panthers,Cornell Calvert Hall,Away,W,11,21,NA,11,7,18,40,21,21,19,8,21,15,36,43,33,46,19,9,21,12,11,10
2020-02-25,High Point Panthers,Virginia,Away,W,15,18,NA,15,10,25,36,26,24,19,6,18,13,31,57,33,45,20,4,18,15,15,11
2020-02-29,High Point Panthers,Robert Morris,Away,W,11,15,NA,11,7,18,41,22,32,18,13,15,10,25,40,25,42,19,12,15,10,11,11
2020-03-02,High Point Panthers,St. Bonaventure,Home,W,13,8,NA,13,10,23,42,28,42,17,9,8,7,15,29,17,25,19,12,8,9,13,15
2020-03-07,High Point Panthers,UMBC,Away,W,13,19,NA,13,6,19,30,22,28,16,6,19,7,26,47,31,29,12,8,19,12,13,9
2020-02-08,Hobart Statesmen,Canisius,Home,W,22,8,NA,22,6,28,53,38,31,14,7,8,5,13,38,24,30,15,5,8,16,22,16
2020-02-15,Hobart Statesmen,Siena,Home,W,26,9,NA,26,15,41,68,43,49,13,11,9,9,18,40,20,22,15,6,9,11,26,17
2020-02-22,Hobart Statesmen,Colgate,Home,W,21,13,NA,21,9,30,61,37,36,15,8,13,9,22,45,31,31,17,5,13,18,21,16
2020-02-28,Hobart Statesmen,Syracuse,Away,W,13,21,NA,13,7,20,40,20,35,22,6,21,9,30,48,37,39,13,13,21,16,13,7
2020-03-07,Hobart Statesmen,Binghamton,Home,W,16,9,NA,16,11,27,45,29,34,18,6,9,3,12,34,24,31,18,2,9,15,16,13
2020-02-08,Hofstra Pride,Wagner,Home,W,21,11,NA,21,14,35,47,34,45,17,4,11,5,16,30,19,24,16,3,11,8,21,13
2020-02-15,Hofstra Pride,Michigan,Home,W,12,9,NA,12,5,17,37,21,22,16,8,9,3,12,33,17,23,16,4,9,8,12,9
2020-02-22,Hofstra Pride,Villanova,Home,L,8,10,NA,8,4,12,46,21,30,11,6,10,7,17,41,19,29,15,4,10,9,8,13
2020-02-25,Hofstra Pride,Stony Brook,Away,W,11,14,NA,11,8,19,50,27,27,14,4,14,7,21,41,29,29,16,6,14,15,11,16
2020-02-29,Hofstra Pride,LIU,Home,W,14,6,NA,14,7,21,43,23,49,16,9,6,3,9,24,10,19,22,8,6,4,14,9
2020-03-07,Hofstra Pride,Ohio St.,Away,W,10,12,NA,10,4,14,46,29,23,12,5,12,8,20,40,21,30,15,2,12,9,10,19
2020-03-10,Hofstra Pride,St. John's (NY),Away,L,19,9,NA,19,13,32,46,32,33,14,5,9,4,13,34,23,24,14,6,9,14,19,13
2020-02-01,Holy Cross Crusaders,Merrimack,Away,L,13,12,NA,13,8,21,40,24,35,15,10,12,11,23,32,18,21,19,6,12,6,13,11
2020-02-08,Holy Cross Crusaders,Providence,Away,W,4,6,NA,4,2,6,36,17,28,17,11,6,5,11,36,18,28,16,6,6,12,4,13
2020-02-15,Holy Cross Crusaders,Vermont,Home,W,10,9,NA,10,7,17,40,22,31,15,12,9,5,14,33,20,24,16,7,9,11,10,12
2020-02-18,Holy Cross Crusaders,UMass Lowell,Home,W,13,12,1,13,4,17,43,20,33,21,9,12,8,20,34,19,29,23,12,12,7,13,7
2020-02-25,Holy Cross Crusaders,Harvard,Home,W,9,8,NA,9,4,13,48,28,27,13,8,8,5,13,28,15,16,14,9,8,7,9,19
2020-02-29,Holy Cross Crusaders,Army West Point,Away,W,5,12,NA,5,3,8,28,14,30,29,14,12,8,20,39,25,40,23,12,12,13,5,9
2020-03-07,Holy Cross Crusaders,Lehigh,Away,W,10,15,NA,10,5,15,31,17,35,20,9,15,12,27,34,27,38,17,12,15,12,10,7
2020-02-01,Jacksonville Dolphins,Detroit Mercy,Home,L,14,15,NA,14,10,24,34,21,34,16,11,15,4,19,40,28,29,14,4,15,13,14,7
2020-02-15,Jacksonville Dolphins,Marquette,Away,L,11,9,NA,11,6,17,38,22,32,18,13,9,6,15,30,15,31,24,7,9,6,11,11
2020-02-23,Jacksonville Dolphins,"Robert Morris Sparks, Md.",Away,L,15,8,NA,15,6,21,41,30,42,19,10,8,2,10,49,22,35,20,12,8,14,15,15
2020-02-29,Jacksonville Dolphins,Utah,Home,L,11,15,NA,11,5,16,53,26,30,7,9,15,9,24,37,27,37,15,2,15,12,11,15
2020-03-06,Jacksonville Dolphins,Hampton,Home,W,18,1,NA,18,12,30,58,29,38,23,17,1,1,2,21,9,23,28,7,1,8,18,11
2020-03-10,Jacksonville Dolphins,Duke,Away,W,8,18,NA,8,6,14,29,21,16,14,0,18,9,27,41,23,39,20,6,18,5,8,13
2020-02-08,Johns Hopkins Blue Jays,Towson,Home,W,15,7,NA,15,8,23,46,30,42,15,5,7,5,12,34,19,28,13,8,7,12,15,15
2020-02-15,Johns Hopkins Blue Jays,Loyola Maryland,Away,W,7,10,NA,7,3,10,37,22,22,15,4,10,5,15,44,21,29,15,7,10,11,7,15
2020-02-22,Johns Hopkins Blue Jays,North Carolina,Home,L,10,17,NA,10,5,15,42,20,21,15,2,17,13,30,48,31,29,11,3,17,14,10,10
2020-02-29,Johns Hopkins Blue Jays,Princeton,Away,W,11,18,NA,11,7,18,49,26,31,12,5,18,11,29,44,28,34,11,9,18,10,11,15
2020-03-07,Johns Hopkins Blue Jays,Syracuse,Home,L,9,15,NA,9,6,15,40,25,26,14,5,15,11,26,42,29,34,17,6,15,14,9,16
2020-03-10,Johns Hopkins Blue Jays,Mount St. Mary's,Home,W,13,12,1,13,7,20,41,27,33,21,5,12,8,20,33,21,33,18,8,12,9,13,14
2020-02-08,LIU Sharks,Siena,Away,W,12,14,NA,12,10,22,33,24,33,23,4,14,5,19,49,32,34,17,14,14,18,12,12
2020-02-15,LIU Sharks,Wagner,Home,L,8,9,1,8,5,13,30,20,20,13,9,9,2,11,45,21,28,17,6,9,12,8,12
2020-02-22,LIU Sharks,St. John's (NY),Home,L,15,17,NA,15,10,25,42,27,15,11,5,17,12,29,50,32,28,15,3,17,15,15,12
2020-02-29,LIU Sharks,Hofstra,Away,W,6,14,NA,6,3,9,24,10,19,22,8,14,7,21,43,23,49,16,9,14,9,6,4
2020-03-03,LIU Sharks,Fairfield,Away,W,15,19,NA,15,11,26,37,28,30,19,2,19,11,30,57,38,51,12,12,19,19,15,13
2020-03-07,LIU Sharks,Quinnipiac,Home,W,13,9,NA,13,7,20,39,19,25,18,8,9,5,14,45,25,32,21,9,9,16,13,6
2020-03-10,LIU Sharks,Massachusetts,Away,W,10,14,NA,10,7,17,30,22,21,16,1,14,11,25,47,32,32,10,10,14,18,10,12
2020-02-01,Lafayette Leopards,Penn St.,Away,W,9,16,NA,9,4,13,30,17,20,19,3,16,9,25,36,27,33,17,5,16,11,9,8
2020-02-08,Lafayette Leopards,Georgetown,Home,L,3,17,NA,3,0,3,22,9,20,24,7,17,11,28,52,30,42,12,13,17,13,3,6
2020-02-15,Lafayette Leopards,North Carolina,Away,W,8,24,NA,8,4,12,31,18,24,22,3,24,19,43,58,38,51,17,10,24,14,8,10
2020-02-22,Lafayette Leopards,Binghamton,Away,W,10,11,3,10,5,15,29,19,39,23,8,11,8,19,42,23,30,17,13,11,12,10,9
2020-02-29,Lafayette Leopards,Loyola Maryland,Home,L,4,14,NA,4,2,6,15,11,26,23,6,14,9,23,47,25,36,14,13,14,11,4,7
2020-03-07,Lafayette Leopards,Army West Point,Home,L,8,16,NA,8,3,11,37,16,32,22,7,16,11,27,50,27,33,14,12,16,11,8,8
2020-02-08,Lehigh Mountain Hawks,Utah,Home,W,16,11,NA,16,10,26,48,29,52,19,10,11,7,18,40,23,35,17,17,11,12,16,13
2020-02-15,Lehigh Mountain Hawks,Virginia,Away,W,8,12,NA,8,3,11,28,19,36,23,6,12,8,20,48,26,45,14,18,12,14,8,11
2020-02-20,Lehigh Mountain Hawks,VMI,Home,W,14,11,NA,14,10,24,34,23,46,19,8,11,6,17,26,19,35,14,12,11,8,14,9
2020-02-22,Lehigh Mountain Hawks,NJIT,Away,L,17,8,NA,17,9,26,53,38,37,12,8,8,8,16,28,16,15,16,5,8,8,17,21
2020-02-29,Lehigh Mountain Hawks,Navy,Home,W,14,6,NA,14,9,23,44,24,45,23,11,6,6,12,23,18,31,18,11,6,12,14,10
2020-03-07,Lehigh Mountain Hawks,Holy Cross,Home,W,15,10,NA,15,12,27,34,27,38,17,12,10,5,15,31,17,35,20,9,10,7,15,12
2020-02-08,Loyola Maryland Greyhounds,Virginia,Away,W,9,12,NA,9,7,16,55,28,30,15,8,12,9,21,44,27,44,14,8,12,15,9,19
2020-02-15,Loyola Maryland Greyhounds,Johns Hopkins,Home,W,10,7,NA,10,5,15,44,21,29,15,7,7,3,10,37,22,22,15,4,7,15,10,11
2020-02-22,Loyola Maryland Greyhounds,Rutgers,Home,W,11,10,NA,11,5,16,48,27,39,15,6,10,6,16,26,20,20,11,6,10,10,11,16
2020-02-26,Loyola Maryland Greyhounds,Towson,Home,W,15,6,NA,15,9,24,51,31,33,15,15,6,5,11,25,16,27,19,5,6,10,15,16
2020-02-29,Loyola Maryland Greyhounds,Lafayette,Away,L,14,4,NA,14,9,23,47,25,36,14,13,4,2,6,15,11,26,23,6,4,7,14,11
2020-03-07,Loyola Maryland Greyhounds,Duke,Home,L,10,13,NA,10,6,16,45,25,33,13,7,13,8,21,35,22,27,12,8,13,9,10,15
2020-02-07,Manhattan Jaspers,Navy,Away,W,4,9,NA,4,2,6,27,18,25,16,5,9,5,14,32,18,31,21,8,9,9,4,14
2020-02-15,Manhattan Jaspers,VMI,Home,W,10,8,NA,10,4,14,26,15,25,21,4,8,3,11,39,22,27,13,10,8,14,10,5
2020-02-22,Manhattan Jaspers,Wagner,Away,L,16,5,NA,16,13,29,30,24,28,14,9,5,2,7,32,19,26,16,6,5,14,16,8
2020-02-29,Manhattan Jaspers,Bryant,Home,L,5,16,NA,5,3,8,20,12,20,16,3,16,10,26,55,33,33,13,5,16,17,5,7
2020-03-03,Manhattan Jaspers,Hartford,Away,W,8,11,NA,8,5,13,33,22,23,17,4,11,8,19,48,26,27,16,7,11,15,8,14
2020-03-07,Manhattan Jaspers,NJIT,Away,L,8,7,NA,8,5,13,29,13,22,16,9,7,4,11,29,21,28,18,4,7,14,8,5
2020-02-08,Marist Red Foxes,Binghamton,Home,W,12,4,NA,12,7,19,42,29,24,14,13,4,1,5,28,12,20,22,6,4,8,12,17
2020-02-14,Marist Red Foxes,Richmond,Away,W,11,13,NA,11,5,16,36,24,31,16,10,13,10,23,35,21,25,14,9,13,8,11,13
2020-02-18,Marist Red Foxes,Army West Point,Home,W,17,9,NA,17,12,29,38,27,36,19,7,9,7,16,45,25,38,16,9,9,16,17,10
2020-02-25,Marist Red Foxes,Hartford,Home,W,14,6,NA,14,6,20,52,30,30,11,10,6,2,8,33,18,25,19,6,6,12,14,16
2020-02-29,Marist Red Foxes,Bucknell,Away,W,11,20,NA,11,9,20,35,20,33,24,11,20,13,33,56,33,41,16,18,20,13,11,9
2020-03-07,Marist Red Foxes,Delaware,Home,L,14,15,NA,14,10,24,41,28,43,12,6,15,9,24,43,25,30,13,4,15,10,14,14
2020-02-01,Marquette Golden Eagles,Cleveland St.,Away,L,11,10,1,11,4,15,37,18,32,17,12,10,6,16,38,20,29,21,6,10,10,11,7
2020-02-08,Marquette Golden Eagles,Bellarmine,Home,W,11,10,NA,11,7,18,33,20,40,20,11,10,6,16,32,15,28,21,7,10,5,11,9
2020-02-15,Marquette Golden Eagles,Jacksonville,Home,L,9,11,NA,9,6,15,30,15,31,24,7,11,6,17,38,22,32,18,13,11,11,9,6
2020-02-22,Marquette Golden Eagles,Detroit Mercy,Away,L,18,6,NA,18,5,23,47,27,29,14,12,6,2,8,30,12,28,23,4,6,6,18,9
2020-02-29,Marquette Golden Eagles,Drexel,Away,W,11,13,NA,11,6,17,40,17,38,20,6,13,6,19,36,23,24,18,4,13,10,11,6
2020-03-07,Marquette Golden Eagles,Robert Morris,Home,L,10,11,NA,10,5,15,32,17,23,12,7,11,7,18,42,24,33,14,9,11,13,10,7
2020-03-11,Marquette Golden Eagles,Michigan,Away,W,12,13,NA,12,5,17,36,25,30,7,7,13,7,20,39,24,39,15,3,13,11,12,13
2020-02-01,"Maryland Terrapins, Terps",High Point,Home,W,23,12,NA,23,15,38,70,44,36,11,7,12,8,20,45,27,26,15,2,12,15,23,21
2020-02-08,"Maryland Terrapins, Terps",Richmond,Away,L,14,13,2,14,10,24,40,25,28,23,10,13,9,22,38,23,40,25,15,13,10,14,11
2020-02-15,"Maryland Terrapins, Terps",Penn,Home,W,17,15,NA,17,9,26,40,26,34,16,4,15,10,25,48,34,32,13,7,15,19,17,9
2020-02-18,"Maryland Terrapins, Terps",Villanova,Away,W,12,13,NA,12,9,21,38,26,31,21,7,13,8,21,45,25,27,13,11,13,12,12,14
2020-02-29,"Maryland Terrapins, Terps",Notre Dame,Home,W,14,9,NA,14,6,20,64,30,38,17,8,9,5,14,31,19,23,16,4,9,10,14,16
2020-03-07,"Maryland Terrapins, Terps",UAlbany,Home,W,14,13,NA,14,11,25,50,27,34,17,4,13,11,24,38,24,27,9,7,13,11,14,13
2020-02-08,Massachusetts Minutemen,Army West Point,Away,W,4,17,NA,4,2,6,26,17,30,23,4,17,9,26,45,28,33,14,15,17,11,4,13
2020-02-15,Massachusetts Minutemen,Ohio St.,Away,L,9,7,NA,9,3,12,31,21,27,16,8,7,4,11,35,23,28,14,8,7,16,9,12
2020-02-22,Massachusetts Minutemen,Harvard,Home,L,9,10,NA,9,7,16,42,26,26,15,11,10,7,17,29,16,19,18,7,10,6,9,17
2020-02-25,Massachusetts Minutemen,UMass Lowell,Away,L,11,9,NA,11,8,19,41,25,27,19,9,9,8,17,38,21,29,19,4,9,12,11,14
2020-02-29,Massachusetts Minutemen,Yale,Home,W,13,10,NA,13,6,19,36,21,25,14,13,10,8,18,38,22,32,25,6,10,12,13,8
2020-03-03,Massachusetts Minutemen,UAlbany,Home,W,17,12,NA,17,14,31,48,30,40,17,13,12,10,22,33,25,25,17,7,12,13,17,13
2020-03-10,Massachusetts Minutemen,LIU,Home,W,14,10,NA,14,11,25,47,32,32,10,10,10,7,17,30,22,21,16,1,10,12,14,18
2020-02-01,Mercer Bears,Florida Tech,Home,W,18,6,NA,18,12,30,68,38,45,16,14,6,1,7,20,13,23,26,6,6,7,18,20
2020-02-08,Mercer Bears,North Carolina,Away,W,6,14,NA,6,4,10,37,11,23,17,4,14,9,23,41,22,27,10,7,14,8,6,5
2020-02-22,Mercer Bears,Hampton,Home,W,28,6,NA,28,15,43,58,41,40,6,5,6,3,9,28,15,18,16,2,6,9,28,13
2020-02-29,Mercer Bears,Wagner,Home,W,20,8,NA,20,13,33,41,30,32,11,4,8,1,9,30,14,6,9,0,8,6,20,10
2020-03-04,Mercer Bears,St. Bonaventure,Home,W,17,8,NA,17,11,28,41,23,32,15,5,8,1,9,29,15,7,11,5,8,7,17,6
2020-03-07,Mercer Bears,Monmouth,Away,L,10,7,NA,10,6,16,31,18,30,16,10,7,5,12,44,22,26,13,5,7,15,10,8
2020-03-09,Mercer Bears,"Cleveland St. Towson, Md.",Away,L,16,13,NA,16,9,25,36,21,22,19,5,13,8,21,42,21,25,15,6,13,8,16,5
2020-02-01,Merrimack Warriors,Holy Cross,Home,L,12,13,NA,12,11,23,32,18,21,19,6,13,8,21,40,24,35,15,10,13,11,12,6
2020-02-15,Merrimack Warriors,Dartmouth,Home,L,11,13,NA,11,7,18,40,25,29,14,10,13,7,20,36,22,35,17,9,13,9,11,14
2020-02-18,Merrimack Warriors,Fairfield,Away,W,11,14,NA,11,6,17,38,19,28,21,8,14,11,25,41,22,35,21,7,14,8,11,8
2020-02-22,Merrimack Warriors,Michigan,Away,L,14,12,NA,14,7,21,38,28,31,17,6,12,5,17,40,22,27,12,10,12,10,14,14
2020-02-29,Merrimack Warriors,Vermont,Away,W,8,9,NA,8,4,12,36,22,21,15,6,9,5,14,28,20,25,12,9,9,11,8,14
2020-03-07,Merrimack Warriors,UMass Lowell,Home,L,6,8,NA,6,3,9,40,23,29,18,8,8,4,12,42,23,32,19,9,8,15,6,17
2020-02-08,Michigan Wolverines,Cleveland St.,Home,W,16,9,NA,16,11,27,48,26,43,17,10,9,6,15,39,21,30,17,5,9,12,16,10
2020-02-15,Michigan Wolverines,Hofstra,Away,W,9,12,NA,9,3,12,33,17,23,16,4,12,5,17,37,21,22,16,8,12,9,9,8
2020-02-18,Michigan Wolverines,Canisius,Home,W,16,8,NA,16,7,23,52,32,50,11,7,8,3,11,29,18,27,16,2,8,10,16,16
2020-02-22,Michigan Wolverines,Merrimack,Home,L,12,14,NA,12,5,17,40,22,27,12,10,14,7,21,38,28,31,17,6,14,14,12,10
2020-02-29,Michigan Wolverines,St. John's (NY),Home,W,16,11,NA,16,6,22,46,27,30,17,10,11,8,19,34,21,35,20,4,11,10,16,11
2020-03-07,Michigan Wolverines,"Yale Costa Mesa, Calif.",Away,W,11,17,NA,11,8,19,47,21,18,8,12,17,11,28,43,31,33,15,3,17,14,11,10
2020-03-11,Michigan Wolverines,Marquette,Home,W,13,12,NA,13,7,20,39,24,39,15,3,12,5,17,36,25,30,7,7,12,13,13,11
2020-02-08,Monmouth Hawks,NJIT,Home,W,11,8,NA,11,6,17,39,19,34,23,13,8,4,12,35,20,27,21,10,8,12,11,8
2020-02-15,Monmouth Hawks,Princeton,Away,W,9,20,NA,9,5,14,33,18,32,19,9,20,11,31,47,31,43,19,14,20,11,9,9
2020-02-22,Monmouth Hawks,Delaware,Home,L,2,11,NA,2,1,3,23,14,26,20,5,11,8,19,42,26,33,16,10,11,15,2,12
2020-02-25,Monmouth Hawks,Wagner,Away,L,9,5,NA,9,7,16,35,18,32,17,7,5,1,6,27,10,19,18,5,5,5,9,9
2020-02-29,Monmouth Hawks,Saint Joseph's,Home,L,3,10,NA,3,0,3,29,15,27,16,12,10,7,17,35,23,43,18,11,10,13,3,12
2020-03-07,Monmouth Hawks,Mercer,Home,L,7,10,NA,7,5,12,44,22,26,13,5,10,6,16,31,18,30,16,10,10,8,7,15
2020-02-08,Mount St. Mary's Mountaineers,Delaware,Away,W,8,14,NA,8,4,12,48,27,38,14,9,14,9,23,40,26,34,16,10,14,12,8,19
2020-02-15,Mount St. Mary's Mountaineers,Towson,Away,L,11,10,NA,11,3,14,37,15,20,15,3,10,3,13,37,22,14,12,2,10,12,11,4
2020-02-22,Mount St. Mary's Mountaineers,UMBC,Home,L,4,9,NA,4,3,7,33,20,25,13,6,9,2,11,37,18,26,15,8,9,9,4,16
2020-02-25,Mount St. Mary's Mountaineers,Georgetown,Away,W,7,14,NA,7,3,10,35,16,24,17,9,14,8,22,49,27,40,18,8,14,13,7,9
2020-02-29,Mount St. Mary's Mountaineers,VMI,Home,W,10,9,NA,10,7,17,49,27,35,15,13,9,3,12,27,12,22,22,5,9,3,10,17
2020-03-03,Mount St. Mary's Mountaineers,Richmond,Home,L,7,14,NA,7,5,12,25,17,30,23,8,14,8,22,51,29,29,14,7,14,15,7,10
2020-03-07,Mount St. Mary's Mountaineers,Utah,Home,W,11,10,1,11,4,15,51,29,38,18,8,10,4,14,25,19,28,19,7,10,9,11,18
2020-03-10,Mount St. Mary's Mountaineers,Johns Hopkins,Away,W,12,13,1,12,8,20,33,21,33,18,8,13,7,20,41,27,33,21,5,13,14,12,9
2020-02-01,NJIT Highlanders,Hampton,Home,W,24,7,NA,24,15,39,47,36,33,18,10,7,3,10,21,15,23,25,9,7,8,24,12
2020-02-08,NJIT Highlanders,Monmouth,Away,W,8,11,NA,8,4,12,35,20,27,21,10,11,6,17,39,19,34,23,13,11,8,8,12
2020-02-10,NJIT Highlanders,Army West Point,Away,W,1,19,NA,1,0,1,18,10,37,27,7,19,14,33,42,29,40,16,9,19,10,1,9
2020-02-15,NJIT Highlanders,Delaware,Away,W,1,13,NA,1,1,2,22,15,26,23,10,13,7,20,55,32,34,14,18,13,19,1,14
2020-02-22,NJIT Highlanders,Lehigh,Home,L,8,17,NA,8,8,16,28,16,15,16,5,17,9,26,53,38,37,12,8,17,21,8,8
2020-02-29,NJIT Highlanders,Siena,Home,L,5,12,NA,5,0,5,34,16,22,22,10,12,5,17,45,26,32,14,14,12,14,5,11
2020-03-07,NJIT Highlanders,Manhattan,Home,L,7,8,NA,7,4,11,29,21,28,18,4,8,5,13,29,13,22,16,9,8,5,7,14
2020-02-07,Navy Midshipmen,Manhattan,Home,W,9,4,NA,9,5,14,32,18,31,21,8,4,2,6,27,18,25,16,5,4,14,9,9
2020-02-15,Navy Midshipmen,Furman,Home,W,19,3,NA,19,12,31,49,30,49,19,6,3,1,4,16,7,12,19,6,3,4,19,11
2020-02-18,Navy Midshipmen,Richmond,Away,W,9,12,NA,9,6,15,35,23,34,17,13,12,9,21,31,20,27,19,10,12,8,9,14
2020-02-29,Navy Midshipmen,Lehigh,Away,W,6,14,NA,6,6,12,23,18,31,18,11,14,9,23,44,24,45,23,11,14,10,6,12
2020-03-07,Navy Midshipmen,Colgate,Home,W,16,14,NA,16,12,28,43,26,41,10,7,14,11,25,57,29,37,11,5,14,15,16,10
2020-02-01,North Carolina Tar Heels,Colgate,Home,W,19,6,NA,19,11,30,42,31,39,19,11,6,3,9,33,20,39,27,10,6,14,19,12
2020-02-08,North Carolina Tar Heels,Mercer,Home,W,14,6,NA,14,9,23,41,22,27,10,7,6,4,10,37,11,23,17,4,6,5,14,8
2020-02-15,North Carolina Tar Heels,Lafayette,Home,W,24,8,NA,24,19,43,58,38,51,17,10,8,4,12,31,18,24,22,3,8,10,24,14
2020-02-22,North Carolina Tar Heels,Johns Hopkins,Away,L,17,10,NA,17,13,30,48,31,29,11,3,10,5,15,42,20,21,15,2,10,10,17,14
2020-03-01,North Carolina Tar Heels,Denver,Away,L,15,13,NA,15,9,24,43,25,33,14,4,13,7,20,41,22,26,17,3,13,9,15,10
2020-03-06,North Carolina Tar Heels,Furman,Away,L,18,11,NA,18,13,31,44,32,45,18,10,11,7,18,22,17,20,21,8,11,6,18,14
2020-03-10,North Carolina Tar Heels,Bryant,Home,W,18,16,NA,18,12,30,44,33,44,12,6,16,5,21,41,25,23,15,7,16,9,18,15
2020-02-15,Notre Dame Fighting Irish,Cleveland St.,Home,W,17,7,NA,17,10,27,47,30,32,14,7,7,3,10,36,21,31,18,6,7,14,17,13
2020-02-23,Notre Dame Fighting Irish,Richmond,Home,W,13,5,NA,13,7,20,57,35,39,15,10,5,4,9,26,13,23,19,8,5,8,13,22
2020-02-29,Notre Dame Fighting Irish,Maryland,Away,W,9,14,NA,9,5,14,31,19,23,16,4,14,6,20,64,30,38,17,8,14,16,9,10
2020-03-07,Notre Dame Fighting Irish,Denver,Home,L,11,14,NA,11,6,17,36,23,21,12,10,14,7,21,43,22,34,19,6,14,8,11,12
2020-03-10,Notre Dame Fighting Irish,Ohio St.,Away,W,11,13,NA,11,6,17,38,21,35,12,6,13,8,21,40,22,35,14,5,13,9,11,10
2020-02-04,Ohio St. Buckeyes,Detroit Mercy,Home,W,23,9,NA,23,21,44,50,30,41,17,9,9,5,14,32,19,31,16,9,9,10,23,7
2020-02-08,Ohio St. Buckeyes,Boston U.,Away,L,11,4,NA,11,7,18,32,19,26,21,11,4,3,7,43,22,38,20,16,4,18,11,8
2020-02-15,Ohio St. Buckeyes,Massachusetts,Home,L,7,9,NA,7,4,11,35,23,28,14,8,9,3,12,31,21,27,16,8,9,12,7,16
2020-02-22,Ohio St. Buckeyes,Bucknell,Away,L,15,11,NA,15,8,23,33,26,32,18,5,11,6,17,37,24,34,16,11,11,13,15,11
2020-03-01,Ohio St. Buckeyes,Cornell,Home,L,16,17,NA,16,7,23,42,25,33,25,4,17,11,28,47,32,25,9,6,17,15,16,9
2020-03-07,Ohio St. Buckeyes,Hofstra,Home,W,12,10,NA,12,8,20,40,21,30,15,2,10,4,14,46,29,23,12,5,10,19,12,9
2020-03-10,Ohio St. Buckeyes,Notre Dame,Home,W,13,11,NA,13,8,21,40,22,35,14,5,11,6,17,38,21,35,12,6,11,10,13,9
2020-02-15,Penn Quakers,Maryland,Away,W,15,17,NA,15,10,25,48,34,32,13,7,17,9,26,40,26,34,16,4,17,9,15,19
2020-02-22,Penn Quakers,"Duke Charlotte, N.C.",Away,L,14,11,NA,14,6,20,52,27,34,22,11,11,7,18,28,18,33,25,12,11,7,14,13
2020-02-29,Penn Quakers,Penn St.,Home,L,17,18,1,17,11,28,56,35,44,14,7,18,6,24,37,29,34,13,9,18,11,17,18
2020-03-06,Penn Quakers,Villanova,Home,L,10,12,NA,10,7,17,37,24,34,21,7,12,7,19,44,25,27,12,10,12,13,10,14
2020-03-08,Penn Quakers,Saint Joseph's,Away,L,13,12,NA,13,9,22,54,32,44,15,6,12,9,21,41,29,28,11,10,12,17,13,19
2020-02-01,Penn St. Nittany Lions,Lafayette,Home,W,16,9,NA,16,9,25,36,27,33,17,5,9,4,13,30,17,20,19,3,9,8,16,11
2020-02-08,Penn St. Nittany Lions,Villanova,Away,L,19,10,NA,19,12,31,51,31,34,13,2,10,4,14,42,19,18,9,6,10,9,19,12
2020-02-15,Penn St. Nittany Lions,Saint Joseph's,Home,W,19,4,NA,19,13,32,42,31,36,17,7,4,3,7,30,16,23,22,5,4,12,19,12
2020-02-22,Penn St. Nittany Lions,Yale,Home,L,10,12,NA,10,6,16,47,18,29,25,11,12,3,15,42,28,42,23,9,12,16,10,8
2020-02-29,Penn St. Nittany Lions,Penn,Away,L,18,17,1,18,6,24,37,29,34,13,9,17,11,28,56,35,44,14,7,17,18,18,11
2020-03-08,Penn St. Nittany Lions,"Cornell Cornelius, N.C.",Away,W,17,18,NA,17,9,26,33,23,45,17,3,18,11,29,40,27,41,11,9,18,9,17,6
2020-03-10,Penn St. Nittany Lions,Furman,Away,L,22,7,NA,22,13,35,56,36,51,20,10,7,5,12,36,20,33,18,13,7,13,22,14
2020-02-15,Princeton Tigers,Monmouth,Home,W,20,9,NA,20,11,31,47,31,43,19,14,9,5,14,33,18,32,19,9,9,9,20,11
2020-02-18,Princeton Tigers,Colgate,Home,W,20,11,NA,20,14,34,54,38,40,13,12,11,8,19,47,21,40,20,8,11,10,20,18
2020-02-22,Princeton Tigers,Virginia,Away,L,16,12,NA,16,7,23,46,30,37,15,6,12,7,19,48,28,50,15,9,12,16,16,14
2020-02-29,Princeton Tigers,Johns Hopkins,Home,W,18,11,NA,18,11,29,44,28,34,11,9,11,7,18,49,26,31,12,5,11,15,18,10
2020-03-07,Princeton Tigers,Rutgers,Home,W,16,11,NA,16,6,22,37,25,38,20,9,11,5,16,32,21,24,15,11,11,10,16,9
2020-02-01,Providence Friars,Boston U.,Away,L,12,5,NA,12,8,20,42,24,32,22,10,5,3,8,28,15,32,28,14,5,10,12,12
2020-02-08,Providence Friars,Holy Cross,Home,W,6,4,NA,6,5,11,36,18,28,16,6,4,2,6,36,17,28,17,11,4,13,6,12
2020-02-15,Providence Friars,Bryant,Home,W,16,9,NA,16,8,24,47,26,44,16,9,9,5,14,37,24,23,18,6,9,15,16,10
2020-02-22,Providence Friars,Saint Joseph's,Away,W,8,10,NA,8,5,13,34,16,22,13,8,10,6,16,36,21,31,19,8,10,11,8,8
2020-02-29,Providence Friars,Brown,Away,L,13,12,1,13,7,20,41,25,34,16,6,12,7,19,43,28,46,16,9,12,16,13,12
2020-03-07,Providence Friars,Sacred Heart,Away,L,14,8,NA,14,6,20,46,32,35,11,10,8,1,9,37,24,23,12,9,8,16,14,18
2020-02-01,Quinnipiac Bobcats,Rutgers,Away,W,9,20,NA,9,4,13,32,22,31,25,7,20,12,32,58,36,41,19,11,20,16,9,13
2020-02-08,Quinnipiac Bobcats,UMass Lowell,Away,W,9,10,NA,9,4,13,40,19,37,21,5,10,4,14,43,20,17,12,13,10,10,9,10
2020-02-15,Quinnipiac Bobcats,Brown,Away,W,7,11,NA,7,2,9,33,18,20,18,1,11,5,16,60,32,34,12,7,11,21,7,11
2020-02-22,Quinnipiac Bobcats,Vermont,Away,W,7,16,NA,7,2,9,39,21,32,16,7,16,6,22,49,31,29,16,10,16,15,7,14
2020-02-29,Quinnipiac Bobcats,Fairfield,Away,W,15,19,NA,15,7,22,53,29,37,16,6,19,13,32,46,31,29,10,10,19,12,15,14
2020-03-07,Quinnipiac Bobcats,LIU,Away,W,9,13,NA,9,5,14,45,25,32,21,9,13,7,20,39,19,25,18,8,13,6,9,16
2020-02-08,Richmond Spiders,Maryland,Home,L,13,14,2,13,9,22,38,23,40,25,15,14,10,24,40,25,28,23,10,14,11,13,10
2020-02-14,Richmond Spiders,Marist,Home,W,13,11,NA,13,10,23,35,21,25,14,9,11,5,16,36,24,31,16,10,11,13,13,8
2020-02-18,Richmond Spiders,Navy,Home,W,12,9,NA,12,9,21,31,20,27,19,10,9,6,15,35,23,34,17,13,9,14,12,8
2020-02-23,Richmond Spiders,Notre Dame,Away,W,5,13,NA,5,4,9,26,13,23,19,8,13,7,20,57,35,39,15,10,13,22,5,8
2020-02-28,Richmond Spiders,Duke,Away,W,15,16,1,15,7,22,32,19,25,15,4,16,9,25,39,27,42,15,8,16,11,15,4
2020-03-03,Richmond Spiders,Mount St. Mary's,Away,L,14,7,NA,14,8,22,51,29,29,14,7,7,5,12,25,17,30,23,8,7,10,14,15
2020-03-07,Richmond Spiders,VMI,Away,L,17,4,NA,17,5,22,53,33,43,17,12,4,1,5,24,16,31,19,9,4,12,17,16
2020-02-15,Robert Morris Colonials,Canisius,Away,L,22,10,NA,22,9,31,60,41,45,14,4,10,4,14,27,18,42,22,6,10,8,22,19
2020-02-23,Robert Morris Colonials,"Jacksonville Sparks, Md.",Away,W,8,15,NA,8,2,10,49,22,35,20,12,15,6,21,41,30,42,19,10,15,15,8,14
2020-02-25,Robert Morris Colonials,Drexel,Away,W,12,24,NA,12,5,17,46,29,35,20,7,24,14,38,57,36,49,25,10,24,12,12,17
2020-02-29,Robert Morris Colonials,High Point,Home,W,15,11,NA,15,10,25,40,25,42,19,12,11,7,18,41,22,32,18,13,11,11,15,10
2020-03-04,Robert Morris Colonials,Detroit Mercy,Away,L,16,13,NA,16,10,26,42,32,35,18,13,13,6,19,39,22,40,23,4,13,9,16,16
2020-03-07,Robert Morris Colonials,Marquette,Away,L,11,10,NA,11,7,18,42,24,33,14,9,10,5,15,32,17,23,12,7,10,7,11,13
2020-02-01,Rutgers Scarlet Knights,Quinnipiac,Home,W,20,9,NA,20,12,32,58,36,41,19,11,9,4,13,32,22,31,25,7,9,13,20,16
2020-02-08,Rutgers Scarlet Knights,St. John's (NY),Home,W,17,10,NA,17,7,24,48,23,23,9,9,10,5,15,48,24,39,18,4,10,14,17,6
2020-02-15,Rutgers Scarlet Knights,Army West Point,Away,W,4,15,NA,4,3,7,36,22,20,15,5,15,12,27,39,21,37,22,8,15,6,4,18
2020-02-22,Rutgers Scarlet Knights,Loyola Maryland,Away,W,10,11,NA,10,6,16,26,20,20,11,6,11,5,16,48,27,39,15,6,11,16,10,10
2020-02-29,Rutgers Scarlet Knights,Stony Brook,Home,L,13,14,NA,13,8,21,42,21,28,14,7,14,5,19,51,29,35,16,5,14,15,13,8
2020-03-07,Rutgers Scarlet Knights,Princeton,Away,W,11,16,NA,11,5,16,32,21,24,15,11,16,6,22,37,25,38,20,9,16,9,11,10
2020-02-09,Sacred Heart Pioneers,Hartford,Home,W,14,11,NA,14,12,26,41,23,27,21,10,11,7,18,44,25,28,15,13,11,14,14,9
2020-02-15,Sacred Heart Pioneers,Bucknell,Away,W,11,14,NA,11,7,18,43,28,35,25,11,14,11,25,56,33,44,18,17,14,19,11,17
2020-02-18,Sacred Heart Pioneers,Brown,Away,W,7,20,NA,7,3,10,34,21,26,20,4,20,15,35,54,30,38,16,15,20,10,7,14
2020-02-29,Sacred Heart Pioneers,UMBC,Away,W,6,13,NA,6,2,8,36,23,28,21,5,13,8,21,44,25,40,18,12,13,12,6,17
2020-03-03,Sacred Heart Pioneers,"Stony Brook S. Huntington, N.Y.",Away,W,12,13,1,12,4,16,47,23,32,24,8,13,9,22,48,31,42,17,9,13,18,12,11
2020-03-07,Sacred Heart Pioneers,Providence,Home,L,8,14,NA,8,1,9,37,24,23,12,9,14,6,20,46,32,35,11,10,14,18,8,16
2020-02-09,Saint Joseph's Hawks,St. Bonaventure,Away,L,15,8,NA,15,10,25,48,28,46,19,6,8,4,12,34,14,18,14,6,8,6,15,13
2020-02-15,Saint Joseph's Hawks,Penn St.,Away,W,4,19,NA,4,3,7,30,16,23,22,5,19,13,32,42,31,36,17,7,19,12,4,12
2020-02-18,Saint Joseph's Hawks,Delaware,Home,W,11,8,NA,11,6,17,32,20,27,18,7,8,5,13,42,26,21,11,3,8,18,11,9
2020-02-22,Saint Joseph's Hawks,Providence,Home,W,10,8,NA,10,6,16,36,21,31,19,8,8,5,13,34,16,22,13,8,8,8,10,11
2020-02-29,Saint Joseph's Hawks,Monmouth,Away,L,10,3,NA,10,7,17,35,23,43,18,11,3,0,3,29,15,27,16,12,3,12,10,13
2020-03-06,Saint Joseph's Hawks,Drexel Philadelphia,Away,L,10,9,NA,10,5,15,35,16,32,24,5,9,6,15,51,29,38,15,13,9,20,10,6
2020-03-08,Saint Joseph's Hawks,Penn,Home,L,12,13,NA,12,9,21,41,29,28,11,10,13,9,22,54,32,44,15,6,13,19,12,17
2020-02-08,Siena Saints,LIU,Home,W,14,12,NA,14,5,19,49,32,34,17,14,12,10,22,33,24,33,23,4,12,12,14,18
2020-02-15,Siena Saints,Hobart,Away,W,9,26,NA,9,9,18,40,20,22,15,6,26,15,41,68,43,49,13,11,26,17,9,11
2020-02-22,Siena Saints,UMass Lowell,Home,L,15,16,NA,15,9,24,43,26,36,19,8,16,11,27,51,31,39,17,9,16,15,15,11
2020-02-29,Siena Saints,NJIT,Away,L,12,5,NA,12,5,17,45,26,32,14,14,5,0,5,34,16,22,22,10,5,11,12,14
2020-03-07,Siena Saints,St. John's (NY),Away,W,9,16,NA,9,3,12,36,18,27,26,8,16,7,23,50,29,32,14,12,16,13,9,9
2020-03-10,Siena Saints,Fairfield,Home,L,12,21,NA,12,8,20,47,29,45,20,12,21,14,35,60,42,47,23,6,21,21,12,17
2020-02-09,St. Bonaventure Bonnies,Saint Joseph's,Home,L,8,15,NA,8,4,12,34,14,18,14,6,15,10,25,48,28,46,19,6,15,13,8,6
2020-02-15,St. Bonaventure Bonnies,Bellarmine,Away,W,5,13,NA,5,4,9,27,16,14,20,6,13,9,22,49,29,38,19,10,13,16,5,11
2020-02-22,St. Bonaventure Bonnies,Denver,Away,W,3,16,NA,3,3,6,22,8,19,17,3,16,9,25,47,34,39,13,8,16,18,3,5
2020-02-23,St. Bonaventure Bonnies,"Air Force Denver, Colo.",Away,W,5,11,NA,5,3,8,25,13,20,15,7,11,7,18,35,20,41,18,4,11,9,5,8
2020-03-02,St. Bonaventure Bonnies,High Point,Away,W,8,13,NA,8,7,15,29,17,25,19,12,13,10,23,42,28,42,17,9,13,15,8,9
2020-03-04,St. Bonaventure Bonnies,Mercer,Away,W,8,17,NA,8,1,9,29,15,7,11,5,17,11,28,41,23,32,15,5,17,6,8,7
2020-02-08,St. John's (NY) Red Storm,Rutgers,Away,W,10,17,NA,10,5,15,48,24,39,18,4,17,7,24,48,23,23,9,9,17,6,10,14
2020-02-11,St. John's (NY) Red Storm,Stony Brook,Away,W,12,13,1,12,5,17,50,25,32,14,9,13,4,17,43,27,40,20,10,13,14,12,13
2020-02-15,St. John's (NY) Red Storm,Hartford,Home,W,13,11,NA,13,6,19,39,21,40,24,14,11,5,16,46,19,31,20,14,11,8,13,8
2020-02-22,St. John's (NY) Red Storm,LIU,Away,L,17,15,NA,17,12,29,50,32,28,15,3,15,10,25,42,27,15,11,5,15,12,17,15
2020-02-29,St. John's (NY) Red Storm,Michigan,Away,W,11,16,NA,11,8,19,34,21,35,20,4,16,6,22,46,27,30,17,10,16,11,11,10
2020-03-07,St. John's (NY) Red Storm,Siena,Home,W,16,9,NA,16,7,23,50,29,32,14,12,9,3,12,36,18,27,26,8,9,9,16,13
2020-03-10,St. John's (NY) Red Storm,Hofstra,Home,L,9,19,NA,9,4,13,34,23,24,14,6,19,13,32,46,32,33,14,5,19,13,9,14
2020-02-11,Stony Brook Seawolves,St. John's (NY),Home,W,13,12,1,13,4,17,43,27,40,20,10,12,5,17,50,25,32,14,9,12,13,13,14
2020-02-15,Stony Brook Seawolves,Fairfield,Away,W,16,18,NA,16,4,20,48,27,39,16,5,18,12,30,45,30,39,11,9,18,12,16,11
2020-02-22,Stony Brook Seawolves,Brown,Home,W,11,10,1,11,5,16,41,23,32,17,6,10,5,15,61,32,33,14,5,10,22,11,12
2020-02-25,Stony Brook Seawolves,Hofstra,Home,W,14,11,NA,14,7,21,41,29,29,16,6,11,8,19,50,27,27,14,4,11,16,14,15
2020-02-29,Stony Brook Seawolves,Rutgers,Away,L,14,13,NA,14,5,19,51,29,35,16,5,13,8,21,42,21,28,14,7,13,8,14,15
2020-03-03,Stony Brook Seawolves,"Sacred Heart S. Huntington, N.Y.",Away,L,13,12,1,13,9,22,48,31,42,17,9,12,4,16,47,23,32,24,8,12,11,13,18
2020-03-07,Stony Brook Seawolves,Bryant,Away,W,11,15,NA,11,6,17,51,29,42,13,7,15,7,22,42,29,29,11,7,15,14,11,18
2020-02-07,Syracuse Orange,Colgate,Home,W,21,14,NA,21,11,32,65,36,45,10,13,14,6,20,45,26,30,21,7,14,12,21,15
2020-02-15,Syracuse Orange,Binghamton,Home,W,17,4,NA,17,10,27,55,35,50,13,12,4,2,6,21,15,31,21,6,4,11,17,18
2020-02-23,Syracuse Orange,Army West Point,Home,W,9,7,NA,9,2,11,47,25,38,15,5,7,5,12,32,25,30,14,7,7,18,9,16
2020-02-28,Syracuse Orange,Hobart,Home,W,21,13,NA,21,9,30,48,37,39,13,13,13,7,20,40,20,35,22,6,13,7,21,16
2020-03-07,Syracuse Orange,Johns Hopkins,Away,L,15,9,NA,15,11,26,42,29,34,17,6,9,6,15,40,25,26,14,5,9,16,15,14
2020-02-08,Towson Tigers,Johns Hopkins,Away,W,7,15,NA,7,5,12,34,19,28,13,8,15,8,23,46,30,42,15,5,15,15,7,12
2020-02-15,Towson Tigers,Mount St. Mary's,Home,L,10,11,NA,10,3,13,37,22,14,12,2,11,3,14,37,15,20,15,3,11,4,10,12
2020-02-21,Towson Tigers,Cornell,Home,L,10,17,NA,10,6,16,34,18,28,14,7,17,8,25,48,30,40,14,9,17,13,10,8
2020-02-26,Towson Tigers,Loyola Maryland,Away,W,6,15,NA,6,5,11,25,16,27,19,5,15,9,24,51,31,33,15,15,15,16,6,10
2020-03-03,Towson Tigers,UMBC,Away,W,5,10,NA,5,4,9,30,12,18,17,6,10,4,14,43,28,31,13,6,10,18,5,7
2020-03-07,Towson Tigers,Georgetown,Home,L,4,16,NA,4,1,5,28,13,25,20,7,16,7,23,44,25,36,16,5,16,9,4,9
2020-02-15,UAlbany Great Danes,Cornell,Home,L,10,19,NA,10,8,18,37,20,32,16,8,19,7,26,50,32,49,17,7,19,13,10,10
2020-02-22,UAlbany Great Danes,Drexel,Home,W,14,13,NA,14,10,24,38,25,38,21,7,13,6,19,46,23,50,19,8,13,10,14,11
2020-02-29,UAlbany Great Danes,Harvard,Home,W,15,14,NA,15,11,26,42,24,36,14,7,14,7,21,32,24,47,17,9,14,10,15,9
2020-03-03,UAlbany Great Danes,Massachusetts,Away,W,12,17,NA,12,10,22,33,25,25,17,7,17,14,31,48,30,40,17,13,17,13,12,13
2020-03-07,UAlbany Great Danes,Maryland,Away,W,13,14,NA,13,11,24,38,24,27,9,7,14,11,25,50,27,34,17,4,14,13,13,11
2020-02-15,UMBC Retrievers,Georgetown,Home,L,8,14,NA,8,4,12,34,17,23,13,9,14,7,21,47,27,33,15,5,14,13,8,9
2020-02-22,UMBC Retrievers,Mount St. Mary's,Away,L,9,4,NA,9,2,11,37,18,26,15,8,4,3,7,33,20,25,13,6,4,16,9,9
2020-02-29,UMBC Retrievers,Sacred Heart,Home,W,13,6,NA,13,8,21,44,25,40,18,12,6,2,8,36,23,28,21,5,6,17,13,12
2020-03-03,UMBC Retrievers,Towson,Home,W,10,5,NA,10,4,14,43,28,31,13,6,5,4,9,30,12,18,17,6,5,7,10,18
2020-03-07,UMBC Retrievers,High Point,Home,W,19,13,NA,19,7,26,47,31,29,12,8,13,6,19,30,22,28,16,6,13,9,19,12
2020-02-08,UMass Lowell River Hawks,Quinnipiac,Home,W,10,9,NA,10,4,14,43,20,17,12,13,9,4,13,40,19,37,21,5,9,10,10,10
2020-02-15,UMass Lowell River Hawks,Boston U.,Home,L,5,13,NA,5,4,9,38,22,38,14,6,13,6,19,47,29,29,12,7,13,16,5,17
2020-02-18,UMass Lowell River Hawks,Holy Cross,Away,W,12,13,1,12,8,20,34,19,29,23,12,13,4,17,43,20,33,21,9,13,7,12,7
2020-02-22,UMass Lowell River Hawks,Siena,Away,L,16,15,NA,16,11,27,51,31,39,17,9,15,9,24,43,26,36,19,8,15,11,16,15
2020-02-25,UMass Lowell River Hawks,Massachusetts,Home,L,9,11,NA,9,8,17,38,21,29,19,4,11,8,19,41,25,27,19,9,11,14,9,12
2020-02-29,UMass Lowell River Hawks,Dartmouth,Home,L,5,14,NA,5,4,9,33,15,23,16,2,14,7,21,35,19,31,15,6,14,5,5,10
2020-03-07,UMass Lowell River Hawks,Merrimack,Away,L,8,6,NA,8,4,12,42,23,32,19,9,6,3,9,40,23,29,18,8,6,17,8,15
2020-02-01,Utah Utes,Bellarmine,Home,W,16,10,NA,16,13,29,48,36,35,11,9,10,4,14,35,20,21,17,3,10,10,16,20
2020-02-08,Utah Utes,Lehigh,Away,W,11,16,NA,11,7,18,40,23,35,17,17,16,10,26,48,29,52,19,10,16,13,11,12
2020-02-15,Utah Utes,Air Force,Home,L,8,9,NA,8,3,11,38,23,29,17,3,9,6,15,40,21,22,11,3,9,12,8,15
2020-02-22,Utah Utes,Furman,Home,W,17,9,NA,17,10,27,61,39,33,13,5,9,6,15,34,19,28,19,6,9,10,17,22
2020-02-29,Utah Utes,Jacksonville,Away,L,15,11,NA,15,9,24,37,27,37,15,2,11,5,16,53,26,30,7,9,11,15,15,12
2020-03-07,Utah Utes,Mount St. Mary's,Away,W,10,11,1,10,4,14,25,19,28,19,7,11,4,15,51,29,38,18,8,11,18,10,9
2020-02-15,VMI Keydets,Manhattan,Away,W,8,10,NA,8,3,11,39,22,27,13,10,10,4,14,26,15,25,21,4,10,5,8,14
2020-02-20,VMI Keydets,Lehigh,Away,W,11,14,NA,11,6,17,26,19,35,14,12,14,10,24,34,23,46,19,8,14,9,11,8
2020-02-29,VMI Keydets,Mount St. Mary's,Away,W,9,10,NA,9,3,12,27,12,22,22,5,10,7,17,49,27,35,15,13,10,17,9,3
2020-03-07,VMI Keydets,Richmond,Home,L,4,17,NA,4,1,5,24,16,31,19,9,17,5,22,53,33,43,17,12,17,16,4,12
2020-02-15,Vermont Catamounts,Holy Cross,Away,W,9,10,NA,9,5,14,33,20,24,16,7,10,7,17,40,22,31,15,12,10,12,9,11
2020-02-22,Vermont Catamounts,Quinnipiac,Home,W,16,7,NA,16,6,22,49,31,29,16,10,7,2,9,39,21,32,16,7,7,14,16,15
2020-02-29,Vermont Catamounts,Merrimack,Home,W,9,8,NA,9,5,14,28,20,25,12,9,8,4,12,36,22,21,15,6,8,14,9,11
2020-03-07,Vermont Catamounts,Dartmouth,Home,W,9,8,NA,9,5,14,30,23,23,15,7,8,5,13,31,20,19,14,7,8,12,9,16
2020-02-08,Villanova Wildcats,Penn St.,Home,L,10,19,NA,10,4,14,42,19,18,9,6,19,12,31,51,31,34,13,2,19,12,10,9
2020-02-15,Villanova Wildcats,Yale,Home,L,12,18,NA,12,6,18,39,25,25,7,8,18,9,27,47,25,30,16,2,18,7,12,13
2020-02-18,Villanova Wildcats,Maryland,Home,W,13,12,NA,13,8,21,45,25,27,13,11,12,9,21,38,26,31,21,7,12,14,13,12
2020-02-22,Villanova Wildcats,Hofstra,Away,L,10,8,NA,10,7,17,41,19,29,15,4,8,4,12,46,21,30,11,6,8,13,10,9
2020-02-29,Villanova Wildcats,Delaware,Away,L,19,10,NA,19,11,30,40,22,40,24,6,10,5,15,46,25,25,12,13,10,15,19,3
2020-03-06,Villanova Wildcats,Penn,Away,L,12,10,NA,12,7,19,44,25,27,12,10,10,7,17,37,24,34,21,7,10,14,12,13
2020-03-08,Villanova Wildcats,Drexel,Home,L,12,15,NA,12,8,20,46,26,40,10,5,15,10,25,42,26,32,11,6,15,11,12,14
2020-02-08,Virginia Cavaliers,Loyola Maryland,Home,W,12,9,NA,12,9,21,44,27,44,14,8,9,7,16,55,28,30,15,8,9,19,12,15
2020-02-15,Virginia Cavaliers,Lehigh,Home,W,12,8,NA,12,8,20,48,26,45,14,18,8,3,11,28,19,36,23,6,8,11,12,14
2020-02-22,Virginia Cavaliers,Princeton,Home,L,12,16,NA,12,7,19,48,28,50,15,9,16,7,23,46,30,37,15,6,16,14,12,16
2020-02-25,Virginia Cavaliers,High Point,Home,W,18,15,NA,18,13,31,57,33,45,20,4,15,10,25,36,26,24,19,6,15,11,18,15
2020-03-01,Virginia Cavaliers,Air Force,Home,W,15,5,NA,15,10,25,40,27,37,16,14,5,3,8,28,13,27,19,7,5,8,15,12
2020-03-08,Virginia Cavaliers,Brown,Away,W,13,14,NA,13,9,22,54,29,39,20,8,14,5,19,46,31,35,14,9,14,17,13,16
2020-02-08,Wagner Seahawks,Hofstra,Away,W,11,21,NA,11,5,16,30,19,24,16,3,21,14,35,47,34,45,17,4,21,13,11,8
2020-02-15,Wagner Seahawks,LIU,Away,L,9,8,1,9,2,11,45,21,28,17,6,8,5,13,30,20,20,13,9,8,12,9,12
2020-02-22,Wagner Seahawks,Manhattan,Home,L,5,16,NA,5,2,7,32,19,26,16,6,16,13,29,30,24,28,14,9,16,8,5,14
2020-02-25,Wagner Seahawks,Monmouth,Home,L,5,9,NA,5,1,6,27,10,19,18,5,9,7,16,35,18,32,17,7,9,9,5,5
2020-02-29,Wagner Seahawks,Mercer,Away,W,8,20,NA,8,1,9,30,14,6,9,0,20,13,33,41,30,32,11,4,20,10,8,6
2020-03-07,Wagner Seahawks,Hartford,Home,L,9,18,NA,9,5,14,34,21,17,13,8,18,12,30,42,30,30,11,7,18,12,9,12
2020-02-15,"Yale Elis, Bulldogs",Villanova,Away,L,18,12,NA,18,9,27,47,25,30,16,2,12,6,18,39,25,25,7,8,12,13,18,7
2020-02-22,"Yale Elis, Bulldogs",Penn St.,Away,L,12,10,NA,12,3,15,42,28,42,23,9,10,6,16,47,18,29,25,11,10,8,12,16
2020-02-29,"Yale Elis, Bulldogs",Massachusetts,Away,W,10,13,NA,10,8,18,38,22,32,25,6,13,6,19,36,21,25,14,13,13,8,10,12
2020-03-07,"Yale Elis, Bulldogs","Michigan Costa Mesa, Calif.",Away,L,17,11,NA,17,11,28,43,31,33,15,3,11,8,19,47,21,18,8,12,11,10,17,14
